/*--------------------------------*- C++ -*----------------------------------*\
  =========                 |
  \\      /  F ield         | OpenFOAM: The Open Source CFD Toolbox
   \\    /   O peration     | Website:  https://openfoam.org
    \\  /    A nd           | Version:  7
     \\/     M anipulation  |
\*---------------------------------------------------------------------------*/
FoamFile
{
    version     2.0;
    format      ascii;
    class       faceSet;
    location    "constant/polyMesh/sets";
    object      inletPatch;
}
// * * * * * * * * * * * * * * * * * * * * * * * * * * * * * * * * * * * * * //


2640
(
700530 
700545 
700546 
700547 
700548 
700549 
700563 
700564 
700565 
700566 
700567 
700581 
700582 
700583 
700584 
700585 
700586 
700587 
700601 
700602 
700603 
700604 
700605 
700619 
700620 
700621 
700622 
700623 
700638 
701176 
701178 
701184 
701185 
701186 
701187 
701188 
701189 
701190 
701191 
701192 
701193 
701195 
701199 
701200 
701201 
701207 
701209 
701210 
701211 
701212 
701213 
701216 
701223 
701225 
701226 
701227 
701228 
701235 
701236 
701237 
701242 
701244 
701245 
701246 
701247 
701248 
701249 
701258 
701289 
701290 
701291 
701292 
701293 
701294 
701295 
701296 
701297 
701305 
701306 
701307 
701308 
701309 
701310 
701311 
701312 
701313 
701320 
701321 
701322 
701323 
701325 
701326 
701327 
701328 
701334 
701335 
701336 
701337 
701338 
701339 
701340 
701341 
701347 
701348 
701354 
701355 
701375 
701376 
701378 
701379 
701394 
701395 
701396 
701397 
701398 
701399 
701400 
701401 
701402 
701403 
701404 
701405 
701406 
701418 
701419 
701420 
701421 
701422 
701423 
701424 
701431 
701432 
701434 
701435 
701436 
701437 
701438 
701439 
701440 
701441 
701442 
701445 
701446 
701447 
701449 
701450 
701451 
701452 
701453 
701454 
701455 
701456 
701457 
701460 
701467 
701468 
701469 
701470 
701471 
701472 
701473 
701474 
701488 
701489 
701490 
701491 
701492 
701493 
701494 
701495 
701496 
701497 
701498 
701499 
701500 
701501 
701502 
701503 
701504 
701505 
701506 
701507 
701521 
701524 
701541 
701542 
701543 
701544 
701552 
701553 
701561 
701562 
701563 
701564 
701569 
701570 
701571 
701572 
701574 
701575 
701576 
701577 
701578 
701579 
701582 
701583 
701584 
701585 
701599 
701600 
701602 
701608 
701610 
701611 
701613 
701614 
701615 
701616 
701617 
701618 
701619 
701622 
701623 
701628 
701629 
701631 
701632 
701634 
701635 
701636 
701637 
701638 
701639 
701640 
701641 
701646 
701647 
701649 
701650 
701651 
701652 
701653 
701660 
701661 
701662 
701672 
701674 
701675 
701676 
701678 
701679 
701684 
701685 
701686 
701687 
701688 
701689 
701690 
701696 
701703 
701713 
701714 
701715 
701716 
701717 
701721 
701722 
701723 
701733 
701734 
701735 
701736 
701737 
701738 
701739 
701740 
701780 
701781 
701782 
701783 
701784 
701785 
701786 
701787 
701788 
701789 
701790 
701794 
701795 
701796 
701797 
701798 
701799 
701800 
701801 
701802 
701803 
701813 
701814 
701815 
701828 
701829 
701830 
701831 
701832 
701833 
701840 
701841 
701842 
701843 
701844 
701851 
701852 
701853 
701854 
701855 
701856 
701857 
701858 
701859 
701860 
701861 
701862 
701863 
701894 
701895 
701896 
701897 
701898 
701899 
701900 
701901 
701902 
701903 
701904 
701910 
701911 
701912 
701920 
701921 
701922 
701967 
701968 
701969 
701970 
701971 
701972 
701973 
701989 
701990 
701991 
701992 
701993 
701994 
701995 
701996 
701997 
701998 
702007 
702008 
702009 
702019 
702020 
702021 
702022 
702023 
702024 
702034 
702035 
702036 
702037 
702038 
702039 
702040 
702041 
702042 
702043 
702044 
702056 
702057 
702058 
702059 
702060 
702061 
702062 
702063 
702064 
702065 
702066 
702067 
702068 
702069 
702115 
702120 
702123 
702126 
702127 
702128 
702131 
702133 
702136 
702137 
702140 
702145 
702146 
702148 
702149 
702150 
702156 
702161 
702163 
702165 
702166 
702171 
702172 
702182 
702201 
702202 
702203 
702204 
702205 
702206 
702207 
702208 
702215 
702216 
702217 
702218 
702219 
702220 
702221 
702222 
702223 
702224 
702225 
702236 
702237 
702238 
702250 
702251 
702252 
702256 
702257 
702258 
702264 
702265 
702266 
702267 
702268 
702269 
702270 
702271 
702276 
702277 
702278 
702279 
702280 
702281 
702282 
702283 
702284 
702285 
702286 
702287 
702288 
702289 
702290 
702291 
702295 
702296 
702297 
702298 
702299 
702300 
702304 
702305 
702306 
702307 
702308 
702309 
702310 
702311 
702312 
702316 
702317 
702319 
702320 
702321 
702322 
702323 
702324 
702325 
702326 
702327 
702328 
702329 
702330 
702331 
702332 
702333 
702334 
702342 
702343 
702344 
702362 
702363 
702364 
702371 
702372 
702373 
702374 
702375 
702378 
702379 
702380 
702381 
702382 
702385 
702386 
702387 
702388 
702389 
702395 
702396 
702410 
702411 
702412 
702413 
702428 
702429 
702430 
702431 
702432 
702433 
702434 
702435 
702436 
702437 
702438 
702439 
702440 
702448 
702449 
702450 
702451 
702452 
702458 
702459 
702460 
702461 
702462 
702463 
702464 
702465 
702466 
702467 
702468 
702469 
702470 
702471 
702472 
702478 
702479 
702480 
702481 
702482 
702483 
702484 
702485 
702486 
702487 
702501 
702502 
702503 
702504 
702505 
702506 
702507 
702508 
702509 
702510 
702511 
702526 
702527 
702538 
702539 
702540 
702541 
702542 
702543 
702544 
702545 
702546 
702547 
702548 
702549 
702550 
702551 
702552 
702553 
702554 
702555 
702556 
702557 
702558 
702559 
702560 
702561 
702562 
702563 
702564 
702565 
702566 
702567 
702568 
702569 
702570 
702571 
702572 
702573 
702586 
702588 
702589 
702590 
702599 
702600 
702601 
702602 
702603 
702604 
702605 
702606 
702607 
702608 
702609 
702612 
702618 
702620 
702621 
702622 
702623 
702624 
702625 
702626 
702627 
702628 
702629 
702630 
702636 
702637 
702638 
702639 
702643 
702644 
702645 
702646 
702647 
702648 
702649 
702655 
702656 
702657 
702658 
702672 
702673 
702674 
702675 
702676 
702677 
702678 
702682 
702683 
702684 
702685 
702692 
702693 
702694 
702695 
702696 
702703 
702724 
702725 
702726 
702727 
702728 
702729 
702730 
702737 
702764 
702765 
702766 
702767 
702772 
702773 
702780 
702781 
702782 
702789 
702790 
702791 
702792 
702793 
702794 
702801 
702806 
702807 
702808 
702809 
702810 
702811 
702812 
702813 
702844 
702845 
702846 
702847 
702848 
702849 
702850 
702851 
702852 
702853 
702854 
702855 
702856 
702857 
702858 
702859 
702877 
702878 
702879 
702930 
702931 
702932 
702933 
702934 
702935 
702936 
702937 
702955 
702956 
702957 
702958 
702959 
702960 
702961 
702962 
702963 
702964 
702965 
702966 
702967 
702968 
702998 
702999 
703000 
703001 
703002 
703003 
703004 
703005 
703006 
703007 
703008 
703009 
703010 
703011 
703012 
703013 
703014 
703015 
703016 
703031 
703032 
703033 
703034 
703035 
703036 
703037 
703038 
703039 
703040 
703041 
703042 
703043 
703044 
703045 
703046 
703096 
703099 
703109 
703112 
703120 
703121 
703125 
703126 
703137 
703138 
703139 
703140 
703141 
703142 
703143 
703147 
703151 
703152 
703153 
703160 
703161 
703162 
703163 
703164 
703165 
703166 
703167 
703171 
703172 
703176 
703177 
703178 
703179 
703180 
703181 
703182 
703186 
703187 
703188 
703189 
703190 
703191 
703192 
703205 
703206 
703207 
703208 
703209 
703210 
703214 
703215 
703216 
703223 
703224 
703225 
703226 
703227 
703228 
703229 
703230 
703231 
703235 
703236 
703237 
703238 
703239 
703240 
703241 
703242 
703243 
703244 
703245 
703246 
703247 
703248 
703249 
703250 
703251 
703252 
703253 
703254 
703255 
703256 
703257 
703258 
703259 
703260 
703261 
703262 
703263 
703264 
703265 
703266 
703267 
703268 
703269 
703270 
703271 
703272 
703273 
703274 
703275 
703276 
703277 
703278 
703279 
703280 
703281 
703282 
703283 
703284 
703285 
703286 
703287 
703288 
703289 
703290 
703291 
703292 
703293 
703294 
703295 
703296 
703297 
703298 
703299 
703300 
703301 
703307 
703308 
703309 
703310 
703333 
703334 
703340 
703341 
703347 
703348 
703349 
703350 
703356 
703357 
703358 
703359 
703375 
703376 
703380 
703381 
703382 
703383 
703385 
703386 
703388 
703389 
703390 
703391 
703394 
703395 
703396 
703397 
703398 
703399 
703400 
703401 
703403 
703404 
703405 
703406 
703411 
703412 
703414 
703415 
703416 
703417 
703418 
703419 
703420 
703421 
703422 
703423 
703424 
703425 
703429 
703430 
703431 
703432 
703437 
703438 
703440 
703441 
703442 
703443 
703451 
703452 
703453 
703457 
703458 
703459 
703460 
703461 
703462 
703469 
703470 
703471 
703478 
703479 
703480 
703481 
703482 
703483 
703484 
703488 
703489 
703490 
703491 
703492 
703493 
703494 
703495 
703496 
703507 
703508 
703509 
703510 
703511 
703512 
703513 
703514 
703515 
703522 
703523 
703524 
703525 
703526 
703527 
703528 
703529 
703530 
703537 
703538 
703539 
703540 
703541 
703542 
703543 
703544 
703545 
703552 
703553 
703554 
703555 
703556 
703557 
703558 
703559 
703560 
703561 
703562 
703563 
703582 
703583 
703584 
703585 
703586 
703587 
703588 
703589 
703590 
703591 
703592 
703593 
703597 
703598 
703599 
703603 
703604 
703605 
703606 
703607 
703608 
703609 
703610 
703611 
703618 
703619 
703620 
703621 
703622 
703623 
703624 
703625 
703626 
703627 
703628 
703629 
703630 
703631 
703632 
703636 
703637 
703638 
703639 
703640 
703641 
703672 
703673 
703674 
703675 
703676 
703677 
703678 
703679 
703680 
703681 
703682 
703683 
703684 
703685 
703686 
703696 
703697 
703698 
703702 
703703 
703704 
703705 
703706 
703707 
703708 
703709 
703710 
703711 
703712 
703713 
703714 
703715 
703716 
703717 
703718 
703719 
703720 
703721 
703722 
703732 
703733 
703734 
703750 
703751 
703752 
703753 
703754 
703755 
703786 
703787 
703788 
703789 
703790 
703791 
703792 
703793 
703794 
703795 
703796 
703797 
703822 
703823 
703824 
703825 
703826 
703827 
703828 
703829 
703830 
703831 
703832 
703833 
703834 
703835 
703836 
703861 
703862 
703863 
703864 
703865 
703866 
703867 
703868 
703869 
703885 
703886 
703887 
703888 
703889 
703890 
703891 
703892 
703893 
703894 
703895 
703896 
703897 
703898 
703899 
703900 
703901 
703902 
703903 
703904 
703905 
703906 
703907 
703908 
703909 
703910 
703911 
703912 
703913 
703914 
703915 
703916 
703917 
703918 
703919 
703920 
703921 
703922 
703923 
703924 
703925 
703926 
703927 
703928 
703929 
703930 
703931 
703932 
703933 
703934 
703935 
703936 
703937 
703938 
703939 
703940 
703941 
703942 
703943 
703944 
703945 
703946 
703947 
703960 
703961 
703962 
703963 
703964 
703965 
703966 
703967 
703968 
703996 
703997 
703998 
703999 
704000 
704001 
704002 
704003 
704004 
704005 
704006 
704007 
704008 
704009 
704010 
704011 
704012 
704013 
704014 
704015 
704016 
704017 
704018 
704019 
704020 
704021 
704022 
704023 
704024 
704025 
704053 
704054 
704055 
704056 
704057 
704058 
704077 
704078 
704079 
704080 
704081 
704082 
704101 
704102 
704103 
704104 
704105 
704106 
704107 
704108 
704109 
704110 
704111 
704112 
704122 
704123 
704124 
704125 
704126 
704127 
704144 
704145 
704146 
704154 
704156 
704157 
704158 
704160 
704161 
704162 
704163 
704164 
704165 
704166 
704167 
704175 
704176 
704177 
704178 
704180 
704181 
704182 
704183 
704184 
704185 
704186 
704187 
704188 
704196 
704197 
704198 
704199 
704200 
704201 
704202 
704203 
704204 
704205 
704215 
704231 
704232 
704233 
704234 
704235 
704236 
704237 
704244 
704245 
704246 
704247 
704248 
704249 
704250 
704251 
704252 
704264 
704278 
704279 
704280 
704281 
704282 
704283 
704284 
704285 
704286 
704290 
704291 
704292 
704293 
704294 
704295 
704305 
704306 
704307 
704308 
704309 
704310 
704311 
704312 
704313 
704314 
704315 
704316 
704369 
704370 
704371 
704372 
704373 
704374 
704375 
704376 
704377 
704378 
704379 
704380 
704381 
704382 
704383 
704389 
704390 
704391 
704392 
704393 
704394 
704395 
704396 
704397 
704398 
704399 
704400 
704401 
704402 
704403 
704404 
704405 
704406 
704416 
704417 
704418 
704419 
704420 
704421 
704434 
704435 
704436 
704437 
704438 
704439 
704440 
704441 
704442 
704443 
704444 
704445 
704452 
704453 
704454 
704455 
704456 
704457 
704458 
704459 
704460 
704469 
704470 
704471 
704472 
704473 
704474 
704475 
704476 
704477 
704478 
704479 
704480 
704481 
704482 
704483 
704484 
704485 
704486 
704487 
704488 
704489 
704543 
704544 
704545 
704546 
704547 
704548 
704549 
704550 
704551 
704552 
704553 
704554 
704555 
704556 
704557 
704558 
704559 
704560 
704561 
704562 
704563 
704576 
704577 
704578 
704594 
704595 
704596 
704597 
704598 
704599 
704667 
704668 
704669 
704670 
704671 
704672 
704673 
704674 
704675 
704704 
704705 
704706 
704707 
704708 
704709 
704710 
704711 
704712 
704713 
704714 
704715 
704716 
704717 
704718 
704719 
704720 
704721 
704722 
704723 
704724 
704725 
704726 
704727 
704744 
704745 
704746 
704765 
704766 
704767 
704768 
704769 
704770 
704790 
704791 
704792 
704793 
704794 
704795 
704796 
704797 
704798 
704799 
704800 
704801 
704802 
704803 
704804 
704805 
704806 
704807 
704808 
704809 
704810 
704811 
704812 
704813 
704814 
704815 
704816 
704817 
704818 
704819 
704841 
704842 
704843 
704844 
704845 
704846 
704847 
704848 
704849 
704850 
704851 
704852 
704853 
704854 
704855 
704856 
704857 
704858 
704929 
704941 
704942 
704943 
704944 
704950 
704951 
704952 
704953 
704957 
704958 
704970 
704982 
704983 
704984 
704985 
704986 
704990 
704991 
704992 
704999 
705000 
705001 
705004 
705017 
705018 
705037 
705038 
705045 
705046 
705047 
705048 
705049 
705050 
705051 
705052 
705053 
705054 
705055 
705056 
705057 
705061 
705062 
705063 
705064 
705065 
705066 
705067 
705068 
705069 
705070 
705071 
705072 
705073 
705074 
705075 
705076 
705077 
705078 
705079 
705080 
705081 
705082 
705083 
705084 
705085 
705086 
705087 
705088 
705089 
705090 
705091 
705095 
705096 
705097 
705098 
705099 
705100 
705101 
705102 
705103 
705104 
705105 
705106 
705107 
705108 
705109 
705110 
705111 
705112 
705113 
705114 
705115 
705116 
705117 
705118 
705119 
705120 
705121 
705122 
705123 
705124 
705125 
705126 
705127 
705128 
705129 
705130 
705131 
705132 
705133 
705134 
705135 
705136 
705137 
705141 
705142 
705143 
705144 
705145 
705146 
705147 
705148 
705149 
705150 
705151 
705152 
705156 
705157 
705158 
705159 
705160 
705161 
705162 
705163 
705164 
705165 
705166 
705167 
705168 
705169 
705170 
705171 
705175 
705176 
705177 
705178 
705179 
705180 
705181 
705182 
705183 
705184 
705185 
705186 
705187 
705188 
705189 
705190 
705191 
705192 
705193 
705194 
705195 
705196 
705197 
705198 
705199 
705200 
705201 
705202 
705203 
705204 
705205 
705206 
705207 
705208 
705209 
705210 
705211 
705226 
705227 
705228 
705238 
705239 
705240 
705241 
705242 
705243 
705244 
705245 
705249 
705250 
705251 
705252 
705253 
705254 
705255 
705256 
705257 
705259 
705260 
705261 
705262 
705263 
705264 
705265 
705266 
705275 
705276 
705277 
705278 
705279 
705280 
705297 
705298 
705299 
705300 
705301 
705302 
705303 
705304 
705305 
705306 
705307 
705308 
705332 
705333 
705334 
705335 
705336 
705337 
705338 
705339 
705340 
705341 
705342 
705343 
705344 
705345 
705346 
705347 
705348 
705349 
705350 
705358 
705359 
705360 
705361 
705362 
705363 
705364 
705365 
705367 
705368 
705369 
705370 
705371 
705372 
705373 
705374 
705375 
705376 
705377 
705378 
705379 
705380 
705381 
705382 
705383 
705384 
705385 
705386 
705387 
705388 
705389 
705390 
705391 
705392 
705393 
705397 
705398 
705399 
705400 
705401 
705402 
705403 
705404 
705405 
705406 
705407 
705408 
705409 
705410 
705411 
705412 
705429 
705430 
705431 
705432 
705433 
705434 
705435 
705436 
705437 
705438 
705439 
705440 
705441 
705442 
705463 
705464 
705465 
705466 
705467 
705468 
705482 
705483 
705484 
705485 
705486 
705487 
705488 
705489 
705490 
705491 
705492 
705493 
705494 
705495 
705496 
705497 
705498 
705499 
705500 
705501 
705502 
705503 
705504 
705505 
705506 
705507 
705508 
705509 
705510 
705511 
705512 
705513 
705514 
705515 
705516 
705517 
705518 
705519 
705520 
705521 
705522 
705523 
705524 
705525 
705526 
705527 
705528 
705529 
705530 
705531 
705532 
705533 
705534 
705535 
705536 
705537 
705538 
705539 
705540 
705541 
705542 
705543 
705544 
705545 
705546 
705547 
705548 
705549 
705550 
705551 
705552 
705553 
705571 
705572 
705573 
705574 
705575 
705596 
705597 
705598 
705599 
705600 
705601 
705602 
705603 
705604 
705605 
705606 
705607 
705608 
705609 
705610 
705611 
705612 
705613 
705614 
705615 
705616 
705617 
705618 
705619 
705620 
705621 
705622 
705623 
705624 
705625 
705626 
705627 
705628 
705629 
705630 
705631 
705646 
705647 
705648 
705649 
705650 
705651 
705652 
705653 
705654 
705655 
705656 
705657 
705658 
705659 
705660 
705661 
705662 
705663 
705664 
705665 
705666 
705667 
705668 
705669 
705670 
705671 
705672 
705676 
705677 
705678 
705679 
705680 
705681 
705682 
705683 
705684 
705691 
705692 
705693 
705694 
705695 
705696 
705697 
705698 
705699 
705700 
705701 
705702 
705703 
705718 
705719 
705720 
705721 
705722 
705723 
705724 
705725 
705726 
705727 
705728 
705729 
705730 
705731 
705766 
705767 
705768 
705775 
705776 
705777 
705778 
705779 
705780 
705781 
705782 
705783 
705787 
705788 
705789 
705790 
705791 
705792 
705793 
705794 
705795 
705796 
705797 
705798 
705799 
705803 
705804 
705805 
705806 
705807 
705808 
705809 
705844 
705845 
705846 
705847 
705848 
705849 
705907 
705908 
705909 
705925 
705926 
705927 
705934 
705935 
705936 
705937 
705938 
705939 
705955 
705956 
705957 
705958 
705959 
705960 
706000 
706001 
706002 
706003 
706004 
706005 
706006 
706007 
706008 
706009 
706010 
706011 
706012 
706013 
706014 
706015 
706016 
706017 
706018 
706019 
706020 
706021 
706022 
706023 
706024 
706025 
706026 
706027 
706028 
706058 
706059 
706060 
706118 
706119 
706120 
706121 
706122 
706123 
706124 
706125 
706126 
706127 
706128 
706129 
706153 
706154 
706155 
706156 
706157 
706158 
706159 
706160 
706161 
706162 
706163 
706164 
706165 
706166 
706167 
706168 
706169 
706170 
706171 
706172 
706173 
706174 
706175 
706217 
706218 
706219 
706220 
706221 
706222 
706223 
706224 
706225 
706226 
706227 
706228 
706229 
706230 
706231 
706232 
706233 
706234 
706235 
706236 
706237 
706238 
706239 
706240 
706241 
706242 
706243 
706244 
706245 
706246 
706247 
706248 
706249 
706250 
706251 
706252 
706253 
706277 
706278 
706279 
706280 
706281 
706282 
706283 
706284 
706285 
706286 
706287 
706288 
706289 
706290 
706291 
706292 
706293 
706294 
706295 
706296 
706297 
706298 
706299 
706300 
706350 
706351 
706352 
706353 
706354 
706355 
706356 
706357 
706358 
706359 
706360 
706361 
706362 
706363 
706364 
706365 
706366 
706367 
706368 
706369 
706370 
706371 
706372 
706373 
706374 
706375 
706376 
706377 
706378 
706379 
706380 
706381 
706382 
706383 
706384 
706385 
706386 
706387 
706388 
706389 
706390 
706391 
706392 
706393 
706394 
706395 
706396 
706397 
706398 
706399 
706400 
706401 
706402 
706403 
706404 
706405 
706406 
706407 
706408 
706409 
706410 
706411 
706412 
706413 
706414 
706415 
706416 
706417 
706418 
706419 
706420 
706421 
706515 
706516 
706517 
706530 
706531 
706532 
706560 
706561 
706562 
706572 
706573 
706574 
706575 
706576 
706577 
706584 
706585 
706586 
706596 
706597 
706598 
706599 
706600 
706601 
706635 
706636 
706637 
706638 
706639 
706640 
706662 
706663 
706664 
706668 
706669 
706670 
706683 
706684 
706685 
706686 
706687 
706688 
706692 
706693 
706694 
706695 
706696 
706697 
706725 
706726 
706727 
706728 
706729 
706730 
706731 
706732 
706733 
706734 
706735 
706736 
706737 
706738 
706739 
706740 
706741 
706742 
706743 
706744 
706745 
706746 
706747 
706748 
706749 
706750 
706751 
706752 
706753 
706754 
706755 
706756 
706757 
706758 
706759 
706760 
706767 
706768 
706769 
706770 
706771 
706772 
706797 
706798 
706799 
706809 
706810 
706811 
706818 
706819 
706820 
706821 
706822 
706823 
706833 
706834 
706835 
706836 
706837 
706838 
706854 
706855 
706856 
706884 
706885 
706886 
706911 
706912 
706913 
706914 
706915 
706916 
706935 
706936 
706937 
706941 
706942 
706943 
706947 
706948 
706949 
706950 
706951 
706952 
706953 
706954 
706955 
706962 
706963 
706964 
706968 
706969 
706970 
706971 
706972 
706973 
707070 
707071 
707072 
707073 
707074 
707075 
707085 
707086 
707087 
707094 
707095 
707096 
707097 
707098 
707099 
707100 
707101 
707102 
707109 
707110 
707111 
707112 
707113 
707114 
707148 
707149 
707150 
707151 
707152 
707153 
707154 
707155 
707156 
707157 
707158 
707159 
707160 
707161 
707162 
707163 
707164 
707165 
707166 
707167 
707168 
707169 
707170 
707171 
707184 
707185 
707186 
707187 
707188 
707189 
707190 
707191 
707192 
707193 
707194 
707195 
707214 
707215 
707216 
707217 
707218 
707219 
707241 
707242 
707243 
707244 
707245 
707246 
707265 
707266 
707267 
707271 
707272 
707273 
707277 
707278 
707279 
707280 
707281 
707282 
707283 
707284 
707285 
707286 
707287 
707288 
707289 
707290 
707291 
707292 
707293 
707294 
707295 
707296 
707297 
707298 
707299 
707300 
707304 
707305 
707306 
707307 
707308 
707309 
707310 
707311 
707312 
707319 
707320 
707321 
707322 
707323 
707324 
707325 
707326 
707327 
707358 
707359 
707360 
707361 
707362 
707363 
707364 
707365 
707366 
707367 
707368 
707369 
707370 
707371 
707372 
707373 
707374 
707375 
707376 
707377 
707378 
707379 
707380 
707381 
707382 
707383 
707384 
707385 
707386 
707387 
707388 
707389 
707390 
707391 
707392 
707393 
)

// ************************************************************************* //
