/*--------------------------------*- C++ -*----------------------------------*\
  =========                 |
  \\      /  F ield         | OpenFOAM: The Open Source CFD Toolbox
   \\    /   O peration     | Website:  https://openfoam.org
    \\  /    A nd           | Version:  7
     \\/     M anipulation  |
\*---------------------------------------------------------------------------*/
FoamFile
{
    version     2.0;
    format      ascii;
    class       faceSet;
    location    "constant/polyMesh/sets";
    object      topOutflowPatch;
}
// * * * * * * * * * * * * * * * * * * * * * * * * * * * * * * * * * * * * * //


3916
(
704512 
704513 
704514 
704515 
704516 
704517 
704518 
704519 
704520 
704521 
704522 
704523 
704524 
704525 
704526 
704527 
704528 
704529 
704530 
704531 
704532 
704533 
704534 
704535 
704536 
704537 
704538 
704539 
704540 
704541 
704542 
704564 
704565 
704566 
704567 
704568 
704569 
704570 
704571 
704572 
704573 
704574 
704575 
704579 
704580 
704581 
704582 
704583 
704584 
704585 
704586 
704587 
704588 
704589 
704590 
704591 
704592 
704593 
704600 
704601 
704602 
704603 
704604 
704605 
704606 
704607 
704608 
704609 
704610 
704611 
704612 
704613 
704614 
704615 
704616 
704617 
704618 
704619 
704620 
704621 
704622 
704623 
704624 
704625 
704626 
704627 
704628 
704629 
704630 
704631 
704632 
704633 
704634 
704635 
704636 
704637 
704638 
704639 
704640 
704641 
704642 
704643 
704644 
704645 
704646 
704647 
704648 
704649 
704650 
704651 
704652 
704653 
704654 
704655 
704656 
704657 
704658 
704659 
704660 
704661 
704662 
704663 
704664 
704665 
704666 
704676 
704677 
704678 
704679 
704680 
704681 
704682 
704683 
704684 
704685 
704686 
704687 
704688 
704689 
704690 
704691 
704692 
704693 
704694 
704695 
704696 
704697 
704698 
704699 
704700 
704701 
704702 
704703 
704728 
704729 
704730 
704731 
704732 
704733 
704734 
704735 
704736 
704737 
704738 
704739 
704740 
704741 
704742 
704743 
704747 
704748 
704749 
704750 
704751 
704752 
704753 
704754 
704755 
704756 
704757 
704758 
704759 
704760 
704761 
704762 
704763 
704764 
704771 
704772 
704773 
704774 
704775 
704776 
704777 
704778 
704779 
704780 
704781 
704782 
704783 
704784 
704785 
704786 
704787 
704788 
704789 
704820 
704821 
704822 
704823 
704824 
704825 
704826 
704827 
704828 
704829 
704830 
704831 
704832 
704833 
704834 
704835 
704836 
704837 
704838 
704839 
704840 
704859 
704860 
704861 
704862 
704863 
704864 
704865 
704866 
704867 
704868 
704869 
704870 
704871 
704872 
704873 
704874 
704875 
704876 
704877 
704878 
704879 
704880 
704881 
704882 
704883 
704884 
704885 
704886 
704887 
704888 
704889 
704890 
704891 
704892 
704893 
704894 
704895 
704896 
704897 
704898 
704899 
704900 
704901 
704902 
704903 
704904 
704905 
704906 
704907 
704908 
704909 
704910 
704911 
704912 
704913 
704914 
704915 
704916 
704917 
704918 
704919 
704920 
704921 
704922 
704923 
704924 
704925 
704926 
704927 
704928 
704930 
704931 
704932 
704933 
704934 
704935 
704936 
704937 
704938 
704939 
704940 
704945 
704946 
704947 
704948 
704949 
704954 
704955 
704956 
704959 
704960 
704961 
704962 
704963 
704964 
704965 
704966 
704967 
704968 
704969 
704971 
704972 
704973 
704974 
704975 
704976 
704977 
704978 
704979 
704980 
704981 
704987 
704988 
704989 
704993 
704994 
704995 
704996 
704997 
704998 
705002 
705003 
705005 
705006 
705007 
705008 
705009 
705010 
705011 
705012 
705013 
705014 
705015 
705016 
705019 
705020 
705021 
705022 
705023 
705024 
705025 
705026 
705027 
705028 
705029 
705030 
705031 
705032 
705033 
705034 
705035 
705036 
705039 
705040 
705041 
705042 
705043 
705044 
705058 
705059 
705060 
705092 
705093 
705094 
705138 
705139 
705140 
705153 
705154 
705155 
705172 
705173 
705174 
705212 
705213 
705214 
705215 
705216 
705217 
705218 
705219 
705220 
705221 
705222 
705223 
705225 
705229 
705230 
705231 
705232 
705233 
705234 
705235 
705236 
705237 
705246 
705247 
705248 
705258 
705267 
705268 
705269 
705270 
705271 
705272 
705273 
705274 
705281 
705282 
705283 
705284 
705285 
705286 
705287 
705289 
705290 
705291 
705292 
705293 
705294 
705295 
705296 
705309 
705310 
705311 
705312 
705313 
705314 
705315 
705316 
705317 
705318 
705319 
705320 
705321 
705322 
705323 
705324 
705325 
705326 
705327 
705328 
705329 
705330 
705331 
705351 
705352 
705353 
705354 
705355 
705356 
705357 
705366 
705394 
705395 
705396 
705413 
705414 
705415 
705416 
705417 
705418 
705419 
705420 
705421 
705422 
705423 
705424 
705425 
705426 
705427 
705428 
705443 
705444 
705445 
705446 
705447 
705448 
705449 
705450 
705451 
705452 
705453 
705454 
705455 
705456 
705457 
705459 
705460 
705461 
705462 
705469 
705470 
705471 
705472 
705473 
705474 
705475 
705476 
705477 
705479 
705480 
705481 
705554 
705555 
705556 
705557 
705558 
705559 
705560 
705561 
705562 
705563 
705564 
705565 
705566 
705567 
705568 
705569 
705570 
705576 
705577 
705578 
705579 
705580 
705581 
705582 
705583 
705584 
705585 
705586 
705587 
705588 
705589 
705590 
705591 
705592 
705593 
705594 
705595 
705632 
705633 
705634 
705635 
705636 
705637 
705638 
705639 
705640 
705641 
705642 
705643 
705644 
705645 
705673 
705674 
705675 
705685 
705686 
705687 
705688 
705689 
705690 
705704 
705705 
705706 
705707 
705708 
705709 
705710 
705711 
705712 
705713 
705714 
705715 
705716 
705717 
705732 
705733 
705734 
705735 
705736 
705737 
705738 
705739 
705740 
705741 
705742 
705743 
705744 
705745 
705746 
705747 
705748 
705749 
705750 
705751 
705752 
705753 
705754 
705755 
705756 
705757 
705758 
705759 
705760 
705761 
705762 
705763 
705764 
705765 
705769 
705770 
705771 
705772 
705773 
705774 
705784 
705785 
705786 
705800 
705801 
705802 
705810 
705811 
705812 
705813 
705814 
705815 
705816 
705817 
705818 
705819 
705820 
705821 
705822 
705823 
705824 
705825 
705826 
705827 
705828 
705829 
705830 
705831 
705832 
705833 
705834 
705835 
705836 
705837 
705838 
705839 
705840 
705841 
705842 
705843 
705850 
705851 
705852 
705853 
705854 
705855 
705856 
705857 
705858 
705859 
705860 
705861 
705862 
705863 
705864 
705865 
705866 
705867 
705868 
705869 
705870 
705871 
705872 
705873 
705874 
705875 
705876 
705877 
705878 
705879 
705880 
705881 
705882 
705883 
705884 
705885 
705886 
705887 
705888 
705889 
705890 
705891 
705892 
705893 
705894 
705895 
705896 
705897 
705898 
705899 
705900 
705901 
705902 
705903 
705904 
705905 
705906 
705910 
705911 
705912 
705913 
705914 
705915 
705916 
705917 
705918 
705919 
705920 
705921 
705922 
705923 
705924 
705928 
705929 
705930 
705931 
705932 
705933 
705940 
705941 
705942 
705943 
705944 
705945 
705946 
705947 
705948 
705949 
705950 
705951 
705952 
705953 
705954 
705961 
705962 
705963 
705964 
705965 
705966 
705967 
705968 
705969 
705970 
705971 
705972 
705973 
705974 
705975 
705976 
705977 
705978 
705979 
705980 
705981 
705982 
705983 
705984 
705985 
705986 
705987 
705988 
705989 
705990 
705991 
705992 
705993 
705994 
705995 
705996 
705997 
705998 
705999 
706029 
706030 
706031 
706032 
706033 
706034 
706035 
706036 
706037 
706038 
706039 
706040 
706041 
706042 
706043 
706044 
706045 
706046 
706047 
706048 
706049 
706050 
706051 
706052 
706053 
706054 
706055 
706056 
706057 
706061 
706062 
706063 
706064 
706065 
706066 
706067 
706068 
706069 
706070 
706071 
706072 
706073 
706074 
706075 
706076 
706077 
706078 
706079 
706080 
706081 
706082 
706083 
706084 
706085 
706086 
706087 
706088 
706089 
706090 
706091 
706092 
706093 
706094 
706095 
706096 
706097 
706098 
706099 
706100 
706101 
706102 
706103 
706104 
706105 
706106 
706107 
706108 
706109 
706110 
706111 
706112 
706113 
706114 
706115 
706116 
706117 
706130 
706131 
706132 
706133 
706134 
706135 
706136 
706137 
706138 
706139 
706140 
706141 
706142 
706143 
706144 
706145 
706146 
706147 
706148 
706149 
706150 
706151 
706152 
706176 
706177 
706178 
706179 
706180 
706181 
706182 
706183 
706184 
706185 
706186 
706187 
706188 
706189 
706190 
706191 
706192 
706193 
706194 
706195 
706196 
706197 
706198 
706199 
706200 
706201 
706202 
706203 
706204 
706205 
706206 
706207 
706208 
706209 
706210 
706211 
706212 
706213 
706214 
706215 
706216 
706254 
706255 
706256 
706257 
706258 
706259 
706260 
706261 
706262 
706263 
706264 
706265 
706266 
706267 
706268 
706269 
706270 
706271 
706272 
706273 
706274 
706275 
706276 
706301 
706302 
706303 
706304 
706305 
706306 
706307 
706308 
706309 
706310 
706311 
706312 
706313 
706314 
706315 
706316 
706317 
706318 
706319 
706320 
706321 
706322 
706323 
706324 
706325 
706326 
706327 
706328 
706329 
706330 
706331 
706332 
706333 
706334 
706335 
706336 
706337 
706338 
706339 
706340 
706341 
706342 
706343 
706344 
706345 
706346 
706347 
706348 
706349 
706422 
706423 
706424 
706425 
706426 
706427 
706428 
706429 
706430 
706431 
706432 
706433 
706434 
706435 
706436 
706437 
706438 
706439 
706440 
706441 
706442 
706443 
706444 
706445 
706446 
706447 
706448 
706449 
706450 
706451 
706452 
706453 
706454 
706455 
706456 
706457 
706458 
706459 
706460 
706461 
706462 
706463 
706464 
706465 
706466 
706467 
706468 
706469 
706470 
706471 
706472 
706473 
706474 
706475 
706476 
706477 
706478 
706479 
706480 
706481 
706482 
706483 
706484 
706485 
706486 
706487 
706488 
706489 
706490 
706491 
706492 
706493 
706494 
706495 
706496 
706497 
706498 
706499 
706500 
706501 
706502 
706503 
706504 
706505 
706506 
706507 
706508 
706509 
706510 
706511 
706512 
706513 
706514 
706518 
706519 
706520 
706521 
706522 
706523 
706524 
706525 
706526 
706527 
706528 
706529 
706533 
706534 
706535 
706536 
706537 
706538 
706539 
706540 
706541 
706542 
706543 
706544 
706545 
706546 
706547 
706548 
706549 
706550 
706551 
706552 
706553 
706554 
706555 
706556 
706557 
706558 
706559 
706563 
706564 
706565 
706566 
706567 
706568 
706569 
706570 
706571 
706578 
706579 
706580 
706581 
706582 
706583 
706587 
706588 
706589 
706590 
706591 
706592 
706593 
706594 
706595 
706602 
706603 
706604 
706605 
706606 
706607 
706608 
706609 
706610 
706611 
706612 
706613 
706614 
706615 
706616 
706617 
706618 
706619 
706620 
706621 
706622 
706623 
706624 
706625 
706626 
706627 
706628 
706629 
706630 
706631 
706632 
706633 
706634 
706641 
706642 
706643 
706644 
706645 
706646 
706647 
706648 
706649 
706650 
706651 
706652 
706653 
706654 
706655 
706656 
706657 
706658 
706659 
706660 
706661 
706665 
706666 
706667 
706671 
706672 
706673 
706674 
706675 
706676 
706677 
706678 
706679 
706680 
706681 
706682 
706689 
706690 
706691 
706698 
706699 
706700 
706701 
706702 
706703 
706704 
706705 
706706 
706707 
706708 
706709 
706710 
706711 
706712 
706713 
706714 
706715 
706716 
706717 
706718 
706719 
706720 
706721 
706722 
706723 
706724 
706761 
706762 
706763 
706764 
706765 
706766 
706773 
706774 
706775 
706776 
706777 
706778 
706779 
706780 
706781 
706782 
706783 
706784 
706785 
706786 
706787 
706788 
706789 
706790 
706791 
706792 
706793 
706794 
706795 
706796 
706800 
706801 
706802 
706803 
706804 
706805 
706806 
706807 
706808 
706812 
706813 
706814 
706815 
706816 
706817 
706824 
706825 
706826 
706827 
706828 
706829 
706830 
706831 
706832 
706839 
706840 
706841 
706842 
706843 
706844 
706845 
706846 
706847 
706848 
706849 
706850 
706851 
706852 
706853 
706857 
706858 
706859 
706860 
706861 
706862 
706863 
706864 
706865 
706866 
706867 
706868 
706869 
706870 
706871 
706872 
706873 
706874 
706875 
706876 
706877 
706878 
706879 
706880 
706881 
706882 
706883 
706887 
706888 
706889 
706890 
706891 
706892 
706893 
706894 
706895 
706896 
706897 
706898 
706899 
706900 
706901 
706902 
706903 
706904 
706905 
706906 
706907 
706908 
706909 
706910 
706917 
706918 
706919 
706920 
706921 
706922 
706923 
706924 
706925 
706926 
706927 
706928 
706929 
706930 
706931 
706932 
706933 
706934 
706938 
706939 
706940 
706944 
706945 
706946 
706956 
706957 
706958 
706959 
706960 
706961 
706965 
706966 
706967 
706974 
706975 
706976 
706977 
706978 
706979 
706980 
706981 
706982 
706983 
706984 
706985 
706986 
706987 
706988 
706989 
706990 
706991 
706992 
706993 
706994 
706995 
706996 
706997 
706998 
706999 
707000 
707001 
707002 
707003 
707004 
707005 
707006 
707007 
707008 
707009 
707010 
707011 
707012 
707013 
707014 
707015 
707016 
707017 
707018 
707019 
707020 
707021 
707022 
707023 
707024 
707025 
707026 
707027 
707028 
707029 
707030 
707031 
707032 
707033 
707034 
707035 
707036 
707037 
707038 
707039 
707040 
707041 
707042 
707043 
707044 
707045 
707046 
707047 
707048 
707049 
707050 
707051 
707052 
707053 
707054 
707055 
707056 
707057 
707058 
707059 
707060 
707061 
707062 
707063 
707064 
707065 
707066 
707067 
707068 
707069 
707076 
707077 
707078 
707079 
707080 
707081 
707082 
707083 
707084 
707088 
707089 
707090 
707091 
707092 
707093 
707103 
707104 
707105 
707106 
707107 
707108 
707115 
707116 
707117 
707118 
707119 
707120 
707121 
707122 
707123 
707124 
707125 
707126 
707127 
707128 
707129 
707130 
707131 
707132 
707133 
707134 
707135 
707136 
707137 
707138 
707139 
707140 
707141 
707142 
707143 
707144 
707145 
707146 
707147 
707172 
707173 
707174 
707175 
707176 
707177 
707178 
707179 
707180 
707181 
707182 
707183 
707196 
707197 
707198 
707199 
707200 
707201 
707202 
707203 
707204 
707205 
707206 
707207 
707208 
707209 
707210 
707211 
707212 
707213 
707220 
707221 
707222 
707223 
707224 
707225 
707226 
707227 
707228 
707229 
707230 
707231 
707232 
707233 
707234 
707235 
707236 
707237 
707238 
707239 
707240 
707247 
707248 
707249 
707250 
707251 
707252 
707253 
707254 
707255 
707256 
707257 
707258 
707259 
707260 
707261 
707262 
707263 
707264 
707268 
707269 
707270 
707274 
707275 
707276 
707301 
707302 
707303 
707313 
707314 
707315 
707316 
707317 
707318 
707328 
707329 
707330 
707331 
707332 
707333 
707334 
707335 
707336 
707337 
707338 
707339 
707340 
707341 
707342 
707343 
707344 
707345 
707346 
707347 
707348 
707349 
707350 
707351 
707352 
707353 
707354 
707355 
707356 
707357 
700382 
700383 
700384 
700385 
700386 
700387 
700388 
700389 
700390 
700391 
700392 
700393 
700394 
700395 
700396 
700397 
700398 
700399 
700400 
700401 
700402 
700403 
700404 
700405 
700406 
700407 
700408 
700409 
700410 
700411 
700412 
700413 
700414 
700415 
700416 
700417 
700418 
700419 
700420 
700421 
700422 
700423 
700424 
700425 
700426 
700427 
700428 
700429 
700430 
700431 
700432 
700433 
700434 
700435 
700436 
700437 
700438 
700439 
700440 
700441 
700442 
700443 
700444 
700445 
700446 
700447 
700448 
700449 
700450 
700451 
700452 
700453 
700454 
700455 
700456 
700457 
700458 
700459 
700460 
700461 
700462 
700463 
700464 
700465 
700466 
700467 
700468 
700469 
700470 
700471 
700472 
700473 
700474 
700475 
700476 
700477 
700478 
700479 
700480 
700481 
700482 
700483 
700484 
700485 
700486 
700487 
700488 
700489 
700490 
700491 
700492 
700493 
700494 
700495 
700496 
700497 
700498 
700499 
700500 
700501 
700502 
700503 
700504 
700505 
700506 
700507 
700508 
700509 
700510 
700511 
700512 
700513 
700514 
700515 
700516 
700517 
700518 
700519 
700520 
700521 
700522 
700523 
700524 
700525 
700526 
700527 
700528 
700529 
700531 
700532 
700533 
700534 
700535 
700536 
700537 
700538 
700539 
700540 
700541 
700542 
700543 
700544 
700550 
700551 
700552 
700553 
700554 
700555 
700556 
700557 
700558 
700559 
700560 
700561 
700562 
700568 
700569 
700570 
700571 
700572 
700573 
700574 
700575 
700576 
700577 
700578 
700579 
700580 
700588 
700589 
700590 
700591 
700592 
700593 
700594 
700595 
700596 
700597 
700598 
700599 
700600 
700606 
700607 
700608 
700609 
700610 
700611 
700612 
700613 
700614 
700615 
700616 
700617 
700618 
700624 
700625 
700626 
700627 
700628 
700629 
700630 
700631 
700632 
700633 
700634 
700635 
700636 
700637 
700639 
700640 
700641 
700642 
700643 
700644 
700645 
700646 
700647 
700648 
700649 
700650 
700651 
700652 
700653 
700654 
700655 
700656 
700657 
700658 
700659 
700660 
700661 
700662 
700663 
700664 
700665 
700666 
700667 
700668 
700669 
700670 
700671 
700672 
700673 
700674 
700675 
700676 
700677 
700678 
700679 
700680 
700681 
700682 
700683 
700684 
700685 
700686 
700687 
700688 
700689 
700690 
700691 
700692 
700693 
700694 
700695 
700696 
700697 
700698 
700699 
700700 
700701 
700702 
700703 
700704 
700705 
700706 
700707 
700708 
700709 
700710 
700711 
700712 
700713 
700714 
700715 
700716 
700717 
700718 
700719 
700720 
700721 
700722 
700723 
700724 
700725 
700726 
700727 
700728 
700729 
700730 
700731 
700732 
700733 
700734 
700735 
700736 
700737 
700738 
700739 
700740 
700741 
700742 
700743 
700744 
700745 
700746 
700747 
700748 
700749 
700750 
700751 
700752 
700753 
700754 
700755 
700756 
700757 
700758 
700759 
700760 
700761 
700762 
700763 
700764 
700765 
701166 
701167 
701168 
701169 
701170 
701171 
701172 
701173 
701174 
701175 
701177 
701179 
701180 
701181 
701182 
701183 
701194 
701196 
701197 
701198 
701202 
701203 
701204 
701205 
701206 
701208 
701214 
701215 
701217 
701218 
701219 
701220 
701221 
701222 
701224 
701229 
701230 
701231 
701232 
701233 
701234 
701238 
701239 
701240 
701241 
701243 
701250 
701251 
701252 
701253 
701254 
701255 
701256 
701257 
701259 
701260 
701261 
701262 
701263 
701264 
701265 
701266 
701267 
701268 
701269 
701270 
701271 
701272 
701273 
701274 
701275 
701276 
701277 
701278 
701279 
701280 
701281 
701282 
701283 
701284 
701285 
701286 
701287 
701288 
701298 
701299 
701300 
701301 
701302 
701303 
701304 
701314 
701315 
701316 
701317 
701318 
701319 
701324 
701329 
701330 
701331 
701332 
701333 
701342 
701343 
701344 
701345 
701346 
701349 
701350 
701351 
701352 
701353 
701356 
701357 
701358 
701359 
701360 
701361 
701362 
701363 
701364 
701365 
701366 
701367 
701368 
701369 
701370 
701371 
701372 
701373 
701374 
701377 
701380 
701381 
701382 
701383 
701384 
701385 
701386 
701387 
701388 
701389 
701390 
701391 
701392 
701393 
701407 
701408 
701409 
701410 
701411 
701412 
701413 
701414 
701415 
701416 
701417 
701425 
701426 
701427 
701428 
701429 
701430 
701433 
701443 
701444 
701448 
701458 
701459 
701461 
701462 
701463 
701464 
701465 
701466 
701475 
701476 
701477 
701478 
701479 
701480 
701481 
701482 
701483 
701484 
701485 
701486 
701487 
701508 
701509 
701510 
701511 
701512 
701513 
701514 
701515 
701516 
701517 
701518 
701519 
701520 
701522 
701523 
701525 
701526 
701527 
701528 
701529 
701530 
701531 
701532 
701533 
701534 
701535 
701536 
701537 
701538 
701539 
701540 
701545 
701546 
701547 
701548 
701549 
701550 
701551 
701554 
701555 
701556 
701557 
701558 
701559 
701560 
701565 
701566 
701567 
701568 
701573 
701580 
701581 
701586 
701587 
701588 
701589 
701590 
701591 
701592 
701593 
701595 
701596 
701597 
701598 
701601 
701603 
701604 
701605 
701606 
701607 
701609 
701612 
701620 
701624 
701625 
701626 
701627 
701630 
701633 
701642 
701643 
701644 
701645 
701648 
701654 
701655 
701656 
701657 
701658 
701659 
701663 
701664 
701665 
701666 
701667 
701668 
701669 
701670 
701671 
701673 
701677 
701680 
701681 
701682 
701683 
701691 
701692 
701693 
701694 
701695 
701698 
701699 
701700 
701701 
701702 
701704 
701705 
701706 
701707 
701708 
701710 
701711 
701712 
701718 
701719 
701720 
701724 
701725 
701726 
701727 
701728 
701729 
701730 
701731 
701732 
701741 
701742 
701743 
701744 
701745 
701746 
701747 
701748 
701749 
701750 
701751 
701752 
701753 
701754 
701755 
701756 
701757 
701758 
701759 
701760 
701761 
701762 
701763 
701764 
701765 
701766 
701767 
701768 
701769 
701770 
701771 
701772 
701773 
701774 
701775 
701776 
701777 
701778 
701779 
701791 
701792 
701793 
701804 
701805 
701806 
701807 
701808 
701809 
701810 
701811 
701812 
701816 
701817 
701818 
701819 
701820 
701821 
701822 
701823 
701824 
701825 
701826 
701827 
701834 
701835 
701836 
701837 
701838 
701839 
701845 
701846 
701847 
701848 
701849 
701850 
701864 
701865 
701866 
701867 
701868 
701869 
701870 
701871 
701872 
701873 
701874 
701875 
701876 
701877 
701878 
701879 
701880 
701881 
701882 
701883 
701884 
701885 
701886 
701887 
701888 
701889 
701890 
701891 
701892 
701893 
701905 
701906 
701907 
701908 
701909 
701913 
701914 
701915 
701916 
701917 
701918 
701919 
701923 
701924 
701925 
701926 
701927 
701928 
701929 
701930 
701931 
701932 
701933 
701934 
701935 
701936 
701937 
701938 
701939 
701940 
701941 
701942 
701943 
701944 
701945 
701946 
701947 
701948 
701949 
701950 
701951 
701952 
701953 
701954 
701955 
701956 
701957 
701958 
701959 
701960 
701961 
701962 
701963 
701964 
701965 
701966 
701974 
701975 
701976 
701977 
701978 
701979 
701980 
701981 
701982 
701983 
701984 
701985 
701986 
701987 
701988 
701999 
702000 
702001 
702002 
702003 
702004 
702005 
702006 
702010 
702011 
702012 
702013 
702014 
702015 
702016 
702017 
702018 
702025 
702026 
702027 
702028 
702029 
702030 
702031 
702032 
702033 
702045 
702046 
702047 
702048 
702049 
702050 
702051 
702052 
702053 
702054 
702055 
702070 
702071 
702072 
702073 
702074 
702075 
702076 
702077 
702078 
702079 
702080 
702081 
702082 
702083 
702084 
702085 
702086 
702087 
702088 
702089 
702090 
702091 
702092 
702093 
702094 
702095 
702096 
702097 
702098 
702099 
702100 
702101 
702103 
702104 
702105 
702109 
702110 
702111 
702112 
702113 
702114 
702116 
702117 
702118 
702119 
702121 
702122 
702124 
702125 
702129 
702130 
702132 
702134 
702135 
702138 
702139 
702141 
702142 
702143 
702144 
702147 
702151 
702152 
702153 
702154 
702155 
702157 
702158 
702159 
702160 
702162 
702164 
702167 
702168 
702169 
702170 
702173 
702174 
702175 
702176 
702177 
702178 
702179 
702180 
702181 
702183 
702184 
702185 
702186 
702187 
702188 
702189 
702190 
702191 
702192 
702193 
702194 
702195 
702196 
702197 
702198 
702199 
702200 
702209 
702210 
702211 
702212 
702213 
702214 
702226 
702227 
702228 
702229 
702230 
702231 
702233 
702234 
702235 
702240 
702241 
702242 
702243 
702244 
702245 
702246 
702247 
702248 
702253 
702254 
702255 
702261 
702262 
702263 
702272 
702273 
702274 
702292 
702293 
702294 
702301 
702302 
702303 
702313 
702314 
702315 
702335 
702336 
702337 
702339 
702340 
702341 
702345 
702346 
702347 
702348 
702349 
702350 
702351 
702352 
702353 
702354 
702355 
702356 
702357 
702358 
702359 
702360 
702361 
702365 
702366 
702367 
702368 
702369 
702370 
702376 
702377 
702383 
702390 
702391 
702392 
702393 
702394 
702397 
702398 
702399 
702400 
702401 
702402 
702403 
702404 
702405 
702406 
702407 
702408 
702409 
702414 
702415 
702416 
702417 
702418 
702419 
702420 
702421 
702422 
702423 
702424 
702425 
702426 
702427 
702441 
702442 
702443 
702444 
702445 
702447 
702453 
702454 
702455 
702456 
702473 
702474 
702475 
702476 
702477 
702489 
702490 
702491 
702492 
702493 
702494 
702495 
702496 
702497 
702498 
702499 
702500 
702512 
702513 
702514 
702515 
702516 
702517 
702518 
702519 
702520 
702521 
702522 
702523 
702524 
702525 
702528 
702529 
702530 
702531 
702532 
702533 
702534 
702535 
702536 
702537 
702574 
702575 
702576 
702577 
702578 
702579 
702580 
702581 
702582 
702583 
702584 
702585 
702587 
702591 
702592 
702593 
702594 
702595 
702597 
702598 
702610 
702611 
702613 
702614 
702615 
702616 
702617 
702619 
702631 
702632 
702633 
702634 
702635 
702640 
702641 
702642 
702650 
702651 
702653 
702654 
702659 
702660 
702662 
702663 
702664 
702665 
702667 
702668 
702669 
702670 
702671 
702679 
702680 
702681 
702686 
702687 
702688 
702689 
702690 
702691 
702697 
702698 
702699 
702700 
702701 
702702 
702704 
702705 
702706 
702707 
702708 
702709 
702710 
702711 
702712 
702713 
702714 
702715 
702716 
702717 
702718 
702719 
702720 
702721 
702722 
702723 
702731 
702732 
702733 
702734 
702735 
702736 
702738 
702739 
702740 
702741 
702742 
702743 
702744 
702745 
702746 
702747 
702748 
702749 
702750 
702751 
702752 
702753 
702754 
702755 
702756 
702757 
702758 
702759 
702760 
702761 
702762 
702763 
702768 
702769 
702770 
702771 
702774 
702775 
702776 
702777 
702778 
702779 
702783 
702784 
702785 
702786 
702787 
702788 
702795 
702796 
702797 
702798 
702799 
702800 
702802 
702803 
702804 
702805 
702814 
702815 
702816 
702817 
702818 
702819 
702820 
702821 
702822 
702823 
702824 
702825 
702826 
702827 
702828 
702829 
702830 
702831 
702832 
702833 
702834 
702835 
702836 
702837 
702838 
702839 
702840 
702841 
702842 
702843 
702860 
702861 
702862 
702863 
702864 
702865 
702866 
702867 
702868 
702869 
702870 
702871 
702872 
702873 
702874 
702875 
702876 
702880 
702881 
702882 
702883 
702884 
702885 
702886 
702887 
702888 
702889 
702890 
702891 
702892 
702893 
702894 
702895 
702896 
702897 
702898 
702899 
702900 
702901 
702902 
702903 
702904 
702905 
702906 
702907 
702908 
702909 
702910 
702911 
702912 
702913 
702914 
702915 
702916 
702917 
702918 
702919 
702920 
702921 
702922 
702923 
702924 
702925 
702926 
702927 
702928 
702929 
702938 
702939 
702940 
702941 
702942 
702943 
702944 
702945 
702946 
702947 
702948 
702949 
702950 
702951 
702952 
702953 
702954 
702969 
702970 
702971 
702972 
702973 
702974 
702975 
702976 
702977 
702978 
702979 
702980 
702981 
702982 
702983 
702984 
702985 
702986 
702987 
702988 
702989 
702990 
702991 
702992 
702993 
702994 
702995 
702996 
702997 
703017 
703018 
703019 
703020 
703021 
703022 
703023 
703024 
703025 
703026 
703027 
703028 
703029 
703030 
703047 
703048 
703049 
703050 
703051 
703052 
703053 
703054 
703055 
703056 
703057 
703058 
703059 
703060 
703061 
703062 
703063 
703064 
703065 
703066 
703067 
703068 
703069 
703070 
703071 
703072 
703073 
703074 
703075 
703076 
703077 
703078 
703079 
703080 
703081 
703082 
703083 
703084 
703085 
703086 
703087 
703088 
703089 
703090 
703091 
703092 
703093 
703094 
703095 
703100 
703101 
703102 
703103 
703104 
703105 
703108 
703110 
703111 
703113 
703114 
703115 
703116 
703117 
703118 
703119 
703122 
703127 
703130 
703131 
703132 
703133 
703134 
703135 
703136 
703144 
703145 
703146 
703148 
703149 
703150 
703154 
703155 
703156 
703157 
703158 
703159 
703168 
703169 
703170 
703173 
703174 
703175 
703183 
703184 
703185 
703193 
703194 
703195 
703196 
703197 
703198 
703199 
703200 
703201 
703202 
703203 
703204 
703211 
703212 
703213 
703217 
703218 
703219 
703220 
703221 
703222 
703232 
703233 
703234 
703302 
703303 
703304 
703306 
703312 
703313 
703314 
703315 
703316 
703317 
703318 
703319 
703320 
703322 
703323 
703324 
703325 
703326 
703327 
703328 
703329 
703330 
703331 
703332 
703336 
703337 
703338 
703339 
703342 
703343 
703344 
703345 
703351 
703352 
703353 
703354 
703360 
703361 
703362 
703364 
703365 
703366 
703367 
703368 
703369 
703371 
703372 
703373 
703374 
703377 
703378 
703379 
703384 
703392 
703407 
703408 
703409 
703410 
703413 
703426 
703427 
703428 
703433 
703434 
703435 
703436 
703439 
703445 
703447 
703448 
703449 
703450 
703454 
703455 
703463 
703464 
703465 
703466 
703467 
703468 
703472 
703473 
703476 
703477 
703498 
703499 
703500 
703501 
703502 
703503 
703504 
703505 
703506 
703516 
703517 
703518 
703519 
703520 
703521 
703531 
703532 
703533 
703534 
703535 
703536 
703546 
703547 
703548 
703549 
703550 
703551 
703564 
703565 
703566 
703567 
703568 
703569 
703570 
703571 
703572 
703573 
703574 
703575 
703576 
703577 
703578 
703579 
703580 
703581 
703594 
703595 
703596 
703600 
703601 
703602 
703612 
703613 
703614 
703615 
703616 
703617 
703633 
703634 
703635 
703642 
703643 
703644 
703645 
703646 
703647 
703648 
703649 
703650 
703651 
703652 
703653 
703654 
703655 
703656 
703657 
703658 
703659 
703660 
703661 
703662 
703663 
703664 
703665 
703666 
703667 
703668 
703669 
703670 
703671 
703687 
703688 
703689 
703690 
703691 
703692 
703693 
703694 
703695 
703699 
703700 
703701 
703723 
703724 
703725 
703726 
703727 
703728 
703729 
703730 
703731 
703735 
703736 
703737 
703738 
703739 
703740 
703741 
703742 
703743 
703744 
703745 
703746 
703747 
703748 
703749 
703756 
703757 
703758 
703759 
703760 
703761 
703762 
703763 
703764 
703765 
703766 
703767 
703768 
703769 
703770 
703771 
703772 
703773 
703774 
703775 
703776 
703777 
703778 
703779 
703780 
703781 
703782 
703783 
703784 
703785 
703798 
703799 
703800 
703801 
703802 
703803 
703804 
703805 
703806 
703807 
703808 
703809 
703810 
703811 
703812 
703813 
703814 
703815 
703816 
703817 
703818 
703819 
703820 
703821 
703837 
703838 
703839 
703840 
703841 
703842 
703843 
703844 
703845 
703846 
703847 
703848 
703849 
703850 
703851 
703852 
703853 
703854 
703855 
703856 
703857 
703858 
703859 
703860 
703870 
703871 
703872 
703873 
703874 
703875 
703876 
703877 
703878 
703879 
703880 
703881 
703882 
703883 
703884 
703948 
703949 
703950 
703951 
703952 
703953 
703954 
703955 
703956 
703957 
703958 
703959 
703969 
703970 
703971 
703972 
703973 
703974 
703975 
703976 
703977 
703978 
703979 
703980 
703981 
703982 
703983 
703984 
703985 
703986 
703987 
703988 
703989 
703990 
703991 
703992 
703993 
703994 
703995 
704026 
704027 
704028 
704029 
704030 
704031 
704032 
704033 
704034 
704035 
704036 
704037 
704038 
704039 
704040 
704041 
704042 
704043 
704044 
704045 
704046 
704047 
704048 
704049 
704050 
704051 
704052 
704059 
704060 
704061 
704062 
704063 
704064 
704065 
704066 
704067 
704068 
704069 
704070 
704071 
704072 
704073 
704074 
704075 
704076 
704083 
704084 
704085 
704086 
704087 
704088 
704089 
704090 
704091 
704092 
704093 
704094 
704095 
704096 
704097 
704098 
704099 
704100 
704113 
704114 
704115 
704116 
704117 
704118 
704119 
704120 
704121 
704128 
704129 
704130 
704131 
704132 
704133 
704134 
704135 
704136 
704137 
704138 
704139 
704140 
704141 
704142 
704143 
704147 
704148 
704149 
704150 
704151 
704152 
704153 
704155 
704159 
704168 
704169 
704170 
704171 
704172 
704173 
704174 
704179 
704189 
704190 
704191 
704192 
704193 
704194 
704195 
704206 
704207 
704208 
704209 
704210 
704211 
704212 
704213 
704214 
704216 
704217 
704218 
704219 
704220 
704221 
704222 
704223 
704224 
704225 
704226 
704227 
704228 
704229 
704230 
704238 
704239 
704240 
704241 
704242 
704243 
704253 
704254 
704255 
704256 
704257 
704258 
704259 
704260 
704261 
704262 
704263 
704265 
704266 
704267 
704268 
704269 
704270 
704271 
704272 
704273 
704274 
704275 
704276 
704277 
704287 
704288 
704289 
704296 
704297 
704298 
704299 
704300 
704301 
704302 
704303 
704304 
704317 
704318 
704319 
704320 
704321 
704322 
704323 
704324 
704325 
704326 
704327 
704328 
704329 
704330 
704331 
704332 
704333 
704334 
704335 
704336 
704337 
704338 
704339 
704340 
704341 
704342 
704343 
704344 
704345 
704346 
704347 
704348 
704349 
704350 
704351 
704352 
704353 
704354 
704355 
704356 
704357 
704358 
704359 
704360 
704361 
704362 
704363 
704364 
704365 
704366 
704367 
704368 
704384 
704385 
704386 
704387 
704388 
704407 
704408 
704409 
704410 
704411 
704412 
704413 
704414 
704415 
704422 
704423 
704424 
704425 
704426 
704427 
704428 
704429 
704430 
704431 
704432 
704433 
704446 
704447 
704448 
704449 
704450 
704451 
704461 
704462 
704463 
704464 
704465 
704466 
704467 
704468 
704490 
704491 
704492 
704493 
704494 
704495 
704496 
704497 
704498 
704499 
704500 
704501 
704502 
704503 
704504 
704505 
704506 
704507 
704508 
704509 
704510 
704511 
)

// ************************************************************************* //
