/*--------------------------------*- C++ -*----------------------------------*\
  =========                 |
  \\      /  F ield         | OpenFOAM: The Open Source CFD Toolbox
   \\    /   O peration     | Website:  https://openfoam.org
    \\  /    A nd           | Version:  7
     \\/     M anipulation  |
\*---------------------------------------------------------------------------*/
FoamFile
{
    version     2.0;
    format      ascii;
    class       faceSet;
    location    "constant/polyMesh/sets";
    object      inletPatch;
}
// * * * * * * * * * * * * * * * * * * * * * * * * * * * * * * * * * * * * * //


2640
(
913714 
913729 
913730 
913731 
913732 
913733 
913747 
913748 
913749 
913750 
913751 
913765 
913766 
913767 
913768 
913769 
913770 
913771 
913785 
913786 
913787 
913788 
913789 
913803 
913804 
913805 
913806 
913807 
913822 
913960 
913962 
913968 
913969 
913970 
913971 
913972 
913973 
913974 
913975 
913976 
913977 
913979 
913983 
913984 
913985 
913991 
913993 
913994 
913995 
913996 
913997 
914000 
914007 
914009 
914010 
914011 
914012 
914019 
914020 
914021 
914026 
914028 
914029 
914030 
914031 
914032 
914033 
914042 
914073 
914074 
914075 
914076 
914077 
914078 
914079 
914080 
914081 
914089 
914090 
914091 
914092 
914093 
914094 
914095 
914096 
914097 
914104 
914105 
914106 
914107 
914109 
914110 
914111 
914112 
914118 
914119 
914120 
914121 
914122 
914123 
914124 
914125 
914131 
914132 
914138 
914139 
914159 
914160 
914162 
914163 
914178 
914179 
914180 
914181 
914182 
914183 
914184 
914185 
914186 
914187 
914188 
914189 
914190 
914202 
914203 
914204 
914205 
914206 
914207 
914208 
914215 
914216 
914218 
914219 
914220 
914221 
914222 
914223 
914224 
914225 
914226 
914229 
914230 
914231 
914233 
914234 
914235 
914236 
914237 
914238 
914239 
914240 
914241 
914244 
914251 
914252 
914253 
914254 
914255 
914256 
914257 
914258 
914272 
914273 
914274 
914275 
914276 
914277 
914278 
914279 
914280 
914281 
914282 
914283 
914284 
914285 
914286 
914287 
914288 
914289 
914290 
914291 
914305 
914308 
914330 
914331 
914332 
914333 
914334 
914335 
914336 
914337 
914345 
914346 
914347 
914348 
914355 
914356 
914357 
914358 
914362 
914363 
914364 
914365 
914366 
914367 
914368 
914369 
914370 
914371 
914382 
914383 
914418 
914419 
914423 
914424 
914438 
914439 
914440 
914441 
914442 
914443 
914444 
914445 
914446 
914447 
914448 
914449 
914450 
914451 
914452 
914453 
914454 
914455 
914460 
914461 
914462 
914463 
914464 
914465 
914466 
914467 
914468 
914469 
914476 
914477 
914481 
914482 
914483 
914484 
914485 
914486 
914487 
914488 
914489 
914496 
914506 
914507 
914511 
914512 
914513 
914514 
914515 
914516 
914517 
914518 
914519 
914526 
914531 
914532 
914533 
914534 
914535 
914543 
914544 
914545 
914546 
914547 
914548 
914549 
914550 
914551 
914552 
914553 
914554 
914555 
914556 
914557 
914558 
914559 
914560 
914561 
914562 
914563 
914570 
914577 
914615 
914616 
914617 
914618 
914619 
914620 
914621 
914622 
914623 
914624 
914625 
914626 
914631 
914632 
914633 
914634 
914635 
914646 
914647 
914648 
914649 
914654 
914655 
914656 
914657 
914662 
914663 
914664 
914665 
914667 
914668 
914669 
914670 
914671 
914678 
914679 
914698 
914699 
914707 
914708 
914719 
914720 
914722 
914723 
914724 
914725 
914726 
914727 
914728 
914729 
914730 
914731 
914732 
914733 
914734 
914735 
914736 
914737 
914738 
914739 
914746 
914747 
914758 
914759 
914760 
914761 
914762 
914763 
914764 
914765 
914766 
914767 
914768 
914769 
914770 
914778 
914779 
914784 
914785 
914786 
914787 
914788 
914789 
914790 
914791 
914792 
914804 
914805 
914806 
914814 
914815 
914816 
914817 
914818 
914819 
914820 
914821 
914822 
914834 
914841 
914842 
914843 
914844 
914845 
914846 
914847 
914848 
914849 
914850 
914851 
914852 
914853 
914854 
914868 
914869 
914876 
914877 
914878 
914879 
914880 
914881 
914882 
914883 
914884 
914885 
914886 
914887 
914888 
914889 
914890 
914891 
914892 
914893 
914894 
914895 
914896 
914897 
914898 
914899 
914900 
914901 
914902 
914917 
914930 
914953 
914954 
914975 
914976 
914982 
914983 
914984 
914985 
915038 
915040 
915048 
915052 
915053 
915055 
915059 
915060 
915067 
915068 
915071 
915074 
915077 
915080 
915081 
915086 
915093 
915095 
915102 
915103 
915106 
915107 
915112 
915113 
915115 
915116 
915117 
915118 
915124 
915129 
915131 
915132 
915133 
915135 
915136 
915141 
915142 
915143 
915144 
915154 
915174 
915175 
915176 
915177 
915178 
915179 
915180 
915181 
915182 
915186 
915187 
915191 
915192 
915193 
915209 
915210 
915211 
915212 
915213 
915214 
915215 
915216 
915217 
915221 
915222 
915223 
915224 
915228 
915229 
915230 
915231 
915232 
915233 
915234 
915235 
915236 
915237 
915238 
915239 
915240 
915241 
915242 
915243 
915244 
915245 
915246 
915247 
915251 
915252 
915253 
915254 
915255 
915256 
915263 
915264 
915265 
915284 
915285 
915286 
915293 
915294 
915295 
915296 
915297 
915303 
915304 
915308 
915309 
915310 
915311 
915312 
915313 
915314 
915315 
915318 
915319 
915334 
915335 
915336 
915337 
915349 
915350 
915351 
915352 
915353 
915354 
915355 
915356 
915357 
915358 
915359 
915360 
915361 
915364 
915365 
915366 
915367 
915368 
915369 
915370 
915371 
915372 
915373 
915374 
915375 
915376 
915377 
915378 
915379 
915380 
915383 
915384 
915385 
915386 
915387 
915388 
915389 
915390 
915391 
915392 
915393 
915394 
915395 
915401 
915402 
915403 
915404 
915405 
915406 
915407 
915408 
915409 
915410 
915411 
915424 
915425 
915440 
915441 
915442 
915443 
915444 
915445 
915446 
915447 
915448 
915455 
915456 
915457 
915458 
915459 
915460 
915461 
915462 
915463 
915466 
915467 
915468 
915483 
915484 
915485 
915486 
915487 
915488 
915495 
915496 
915497 
915498 
915499 
915500 
915501 
915502 
915503 
915504 
915505 
915506 
915509 
915510 
915511 
915512 
915513 
915514 
915515 
915516 
915517 
915524 
915525 
915526 
915533 
915534 
915535 
915536 
915537 
915538 
915539 
915540 
915541 
915542 
915543 
915544 
915551 
915552 
915553 
915556 
915557 
915558 
915559 
915560 
915561 
915562 
915563 
915564 
915565 
915566 
915567 
915568 
915569 
915570 
915575 
915576 
915583 
915619 
915620 
915621 
915622 
915623 
915624 
915625 
915626 
915628 
915629 
915630 
915631 
915632 
915633 
915634 
915635 
915636 
915637 
915658 
915659 
915668 
915669 
915670 
915671 
915672 
915673 
915674 
915675 
915676 
915677 
915678 
915686 
915716 
915722 
915734 
915735 
915736 
915737 
915738 
915739 
915740 
915741 
915742 
915743 
915744 
915745 
915746 
915747 
915748 
915749 
915750 
915751 
915760 
915761 
915762 
915763 
915781 
915782 
915783 
915784 
915785 
915786 
915787 
915788 
915789 
915790 
915791 
915792 
915793 
915794 
915795 
915796 
915797 
915798 
915807 
915808 
915826 
915827 
915828 
915829 
915855 
915856 
915857 
915858 
915859 
915860 
915861 
915862 
915863 
915864 
915865 
915866 
915867 
915868 
915869 
915870 
915871 
915872 
915873 
915874 
915875 
915876 
915877 
915878 
915896 
915897 
915898 
915899 
915909 
915910 
915911 
915912 
915913 
915914 
915915 
915916 
915917 
915918 
915919 
915920 
915921 
915922 
915923 
915924 
915925 
915926 
915927 
915948 
916014 
916019 
916023 
916024 
916028 
916031 
916044 
916047 
916055 
916056 
916060 
916061 
916070 
916071 
916072 
916073 
916074 
916075 
916076 
916077 
916078 
916079 
916080 
916081 
916082 
916083 
916084 
916085 
916086 
916087 
916088 
916089 
916090 
916091 
916092 
916093 
916094 
916095 
916096 
916097 
916098 
916099 
916100 
916101 
916102 
916103 
916104 
916105 
916106 
916107 
916108 
916109 
916110 
916111 
916112 
916113 
916114 
916115 
916116 
916117 
916118 
916119 
916120 
916121 
916122 
916123 
916124 
916125 
916126 
916127 
916128 
916129 
916132 
916133 
916134 
916135 
916138 
916139 
916140 
916143 
916144 
916145 
916146 
916147 
916148 
916149 
916150 
916153 
916154 
916157 
916158 
916159 
916160 
916163 
916164 
916165 
916166 
916167 
916168 
916169 
916174 
916175 
916179 
916180 
916181 
916182 
916183 
916184 
916186 
916187 
916188 
916189 
916191 
916192 
916193 
916194 
916195 
916196 
916197 
916198 
916200 
916201 
916202 
916203 
916207 
916208 
916209 
916210 
916211 
916212 
916213 
916214 
916215 
916216 
916217 
916218 
916219 
916220 
916224 
916225 
916226 
916227 
916231 
916232 
916233 
916234 
916235 
916236 
916241 
916242 
916243 
916246 
916247 
916248 
916252 
916253 
916254 
916255 
916256 
916257 
916258 
916259 
916260 
916267 
916268 
916269 
916270 
916271 
916272 
916273 
916274 
916275 
916291 
916292 
916293 
916294 
916295 
916296 
916297 
916298 
916299 
916306 
916307 
916308 
916309 
916310 
916311 
916312 
916313 
916314 
916321 
916322 
916323 
916324 
916325 
916326 
916327 
916328 
916329 
916336 
916337 
916338 
916339 
916340 
916341 
916342 
916343 
916344 
916345 
916346 
916347 
916366 
916367 
916368 
916369 
916370 
916371 
916372 
916373 
916374 
916375 
916376 
916377 
916381 
916382 
916383 
916387 
916388 
916389 
916390 
916391 
916392 
916393 
916394 
916395 
916402 
916403 
916404 
916405 
916406 
916407 
916408 
916409 
916410 
916411 
916412 
916413 
916414 
916415 
916416 
916420 
916421 
916422 
916423 
916424 
916425 
916456 
916457 
916458 
916459 
916460 
916461 
916462 
916463 
916464 
916465 
916466 
916467 
916468 
916469 
916470 
916480 
916481 
916482 
916486 
916487 
916488 
916489 
916490 
916491 
916492 
916493 
916494 
916495 
916496 
916497 
916498 
916499 
916500 
916501 
916502 
916503 
916504 
916505 
916506 
916516 
916517 
916518 
916534 
916535 
916536 
916537 
916538 
916539 
916570 
916571 
916572 
916573 
916574 
916575 
916576 
916577 
916578 
916579 
916580 
916581 
916603 
916604 
916605 
916606 
916607 
916608 
916609 
916610 
916611 
916612 
916613 
916614 
916636 
916637 
916638 
916639 
916640 
916641 
916642 
916643 
916644 
916660 
916661 
916662 
916663 
916664 
916665 
916666 
916667 
916668 
916669 
916670 
916671 
916672 
916673 
916674 
916675 
916676 
916677 
916678 
916679 
916680 
916681 
916682 
916683 
916684 
916685 
916686 
916687 
916688 
916689 
916690 
916691 
916692 
916693 
916694 
916695 
916696 
916697 
916698 
916699 
916700 
916701 
916702 
916703 
916704 
916705 
916706 
916707 
916708 
916709 
916710 
916711 
916712 
916713 
916714 
916715 
916716 
916729 
916730 
916731 
916732 
916733 
916734 
916735 
916736 
916737 
916762 
916763 
916764 
916765 
916766 
916767 
916768 
916769 
916770 
916771 
916772 
916773 
916774 
916775 
916776 
916777 
916778 
916779 
916780 
916781 
916782 
916783 
916784 
916785 
916786 
916787 
916788 
916816 
916817 
916818 
916819 
916820 
916821 
916846 
916847 
916848 
916849 
916850 
916851 
916852 
916853 
916854 
916864 
916865 
916866 
916867 
916868 
916869 
916879 
916880 
916881 
916882 
916883 
916884 
916885 
916886 
916887 
916888 
916889 
916890 
916891 
916892 
916893 
916894 
916895 
916896 
916961 
916962 
916963 
916964 
916965 
916966 
916967 
916968 
916969 
916970 
916971 
916972 
916973 
916974 
916975 
916976 
916977 
916978 
916979 
916980 
916981 
916982 
916983 
916984 
916985 
916986 
916987 
916996 
916997 
916998 
916999 
917000 
917001 
917002 
917003 
917004 
917005 
917006 
917007 
917008 
917009 
917010 
917011 
917012 
917013 
917023 
917024 
917025 
917026 
917027 
917028 
917047 
917048 
917049 
917050 
917051 
917052 
917053 
917054 
917055 
917056 
917057 
917058 
917071 
917072 
917073 
917074 
917075 
917076 
917077 
917078 
917079 
917091 
917092 
917093 
917094 
917095 
917096 
917097 
917098 
917099 
917100 
917101 
917102 
917103 
917104 
917105 
917106 
917107 
917108 
917109 
917110 
917111 
917112 
917113 
917114 
917115 
917116 
917117 
917190 
917191 
917192 
917193 
917194 
917195 
917196 
917197 
917198 
917199 
917200 
917201 
917202 
917203 
917204 
917205 
917206 
917207 
917208 
917209 
917210 
917211 
917212 
917213 
917214 
917215 
917216 
917236 
917237 
917238 
917239 
917247 
917248 
917249 
917259 
917260 
917261 
917262 
917263 
917264 
917265 
917266 
917267 
917269 
917270 
917271 
917272 
917273 
917274 
917284 
917312 
917326 
917339 
917340 
917341 
917343 
917344 
917345 
917346 
917347 
917348 
917349 
917350 
917351 
917352 
917353 
917354 
917355 
917356 
917357 
917358 
917359 
917360 
917361 
917362 
917363 
917374 
917375 
917376 
917395 
917396 
917397 
917398 
917399 
917400 
917401 
917402 
917403 
917404 
917405 
917406 
917407 
917408 
917409 
917410 
917411 
917412 
917413 
917414 
917415 
917416 
917417 
917418 
917419 
917420 
917421 
917422 
917423 
917424 
917434 
917442 
917443 
917444 
917445 
917446 
917447 
917448 
917449 
917450 
917471 
917485 
917486 
917487 
917488 
917489 
917490 
917491 
917492 
917493 
917514 
917521 
917522 
917523 
917524 
917525 
917526 
917527 
917528 
917529 
917530 
917531 
917532 
917533 
917534 
917535 
917536 
917537 
917538 
917539 
917540 
917541 
917542 
917543 
917544 
917545 
917546 
917547 
917548 
917549 
917550 
917551 
917552 
917553 
917572 
917573 
917574 
917584 
917585 
917586 
917587 
917588 
917589 
917590 
917591 
917592 
917593 
917594 
917595 
917596 
917597 
917598 
917599 
917600 
917601 
917602 
917603 
917604 
917605 
917606 
917607 
917608 
917609 
917610 
917611 
917612 
917613 
917614 
917615 
917616 
917658 
917693 
917694 
917695 
917696 
917697 
917698 
917699 
917700 
917701 
917702 
917703 
917704 
917705 
917706 
917707 
917708 
917709 
917710 
917711 
917712 
917796 
917808 
917809 
917810 
917811 
917824 
917825 
917833 
917834 
917838 
917839 
917858 
917870 
917871 
917872 
917873 
917874 
917878 
917879 
917880 
917887 
917888 
917889 
917892 
917905 
917906 
917925 
917926 
917937 
917938 
917939 
917940 
917941 
917942 
917943 
917944 
917945 
917946 
917947 
917948 
917949 
917950 
917951 
917952 
917953 
917954 
917955 
917956 
917957 
917958 
917959 
917960 
917961 
917962 
917963 
917964 
917965 
917966 
917967 
917968 
917969 
917970 
917971 
917972 
917973 
917974 
917975 
917976 
917977 
917978 
917979 
917980 
917981 
917982 
917983 
917984 
917985 
917986 
917987 
917988 
917989 
917990 
917991 
917992 
917993 
917994 
917995 
917996 
917997 
917998 
917999 
918000 
918001 
918002 
918003 
918004 
918005 
918006 
918007 
918008 
918009 
918010 
918011 
918012 
918013 
918014 
918015 
918016 
918017 
918018 
918019 
918020 
918021 
918022 
918023 
918024 
918025 
918026 
918027 
918028 
918029 
918030 
918031 
918032 
918033 
918034 
918035 
918036 
918037 
918038 
918039 
918040 
918041 
918042 
918043 
918044 
918045 
918046 
918047 
918048 
918049 
918050 
918051 
918052 
918053 
918054 
918055 
918056 
918057 
918058 
918059 
918060 
918061 
918062 
918063 
918064 
918065 
918066 
918067 
918068 
918084 
918085 
918086 
918087 
918088 
918089 
918090 
918091 
918095 
918096 
918097 
918098 
918099 
918100 
918101 
918102 
918103 
918104 
918105 
918106 
918107 
918108 
918109 
918110 
918111 
918117 
918118 
918119 
918120 
918121 
918122 
918137 
918138 
918139 
918140 
918141 
918142 
918143 
918144 
918145 
918146 
918147 
918148 
918169 
918170 
918171 
918172 
918173 
918174 
918175 
918176 
918177 
918178 
918179 
918180 
918181 
918182 
918183 
918184 
918188 
918189 
918190 
918191 
918192 
918193 
918194 
918195 
918196 
918197 
918198 
918199 
918200 
918201 
918202 
918203 
918204 
918205 
918206 
918207 
918208 
918209 
918210 
918211 
918212 
918213 
918214 
918215 
918216 
918217 
918218 
918219 
918223 
918224 
918225 
918226 
918227 
918228 
918229 
918230 
918231 
918232 
918233 
918234 
918235 
918236 
918237 
918238 
918239 
918240 
918241 
918254 
918255 
918256 
918257 
918258 
918259 
918260 
918261 
918280 
918281 
918282 
918283 
918284 
918285 
918303 
918304 
918305 
918306 
918307 
918308 
918309 
918310 
918311 
918312 
918313 
918314 
918321 
918322 
918323 
918324 
918325 
918326 
918327 
918328 
918329 
918330 
918331 
918332 
918333 
918334 
918335 
918336 
918337 
918338 
918342 
918343 
918344 
918345 
918346 
918347 
918372 
918373 
918374 
918375 
918376 
918377 
918378 
918379 
918380 
918381 
918382 
918383 
918396 
918397 
918398 
918399 
918400 
918401 
918402 
918403 
918404 
918405 
918406 
918407 
918408 
918409 
918410 
918411 
918412 
918413 
918414 
918415 
918416 
918420 
918421 
918422 
918423 
918424 
918425 
918426 
918427 
918428 
918429 
918430 
918431 
918432 
918433 
918434 
918435 
918436 
918437 
918444 
918445 
918446 
918453 
918454 
918455 
918456 
918457 
918458 
918459 
918460 
918461 
918462 
918463 
918464 
918465 
918466 
918467 
918468 
918469 
918470 
918477 
918478 
918479 
918480 
918481 
918482 
918486 
918487 
918488 
918489 
918490 
918491 
918492 
918493 
918494 
918495 
918496 
918497 
918498 
918499 
918500 
918501 
918502 
918503 
918504 
918505 
918506 
918507 
918508 
918509 
918519 
918520 
918521 
918522 
918523 
918524 
918578 
918579 
918580 
918581 
918582 
918583 
918584 
918585 
918586 
918587 
918588 
918589 
918590 
918591 
918592 
918593 
918594 
918595 
918596 
918597 
918598 
918599 
918600 
918601 
918602 
918603 
918604 
918605 
918606 
918607 
918608 
918609 
918610 
918611 
918649 
918650 
918651 
918652 
918653 
918654 
918655 
918674 
918675 
918676 
918677 
918678 
918679 
918680 
918681 
918682 
918683 
918684 
918685 
918686 
918687 
918688 
918689 
918690 
918691 
918701 
918702 
918703 
918704 
918705 
918706 
918707 
918741 
918742 
918743 
918744 
918745 
918746 
918747 
918762 
918763 
918764 
918765 
918766 
918767 
918768 
918778 
918779 
918780 
918781 
918782 
918783 
918784 
918785 
918786 
918787 
918788 
918789 
918790 
918791 
918792 
918793 
918794 
918795 
918796 
918797 
918798 
918799 
918800 
918801 
918802 
918803 
918804 
918805 
918806 
918807 
918808 
918809 
918813 
918814 
918815 
918816 
918817 
918818 
918819 
918820 
918821 
918857 
918858 
918859 
918860 
918861 
918862 
918863 
918864 
918865 
918866 
918867 
918868 
918869 
918870 
918871 
918872 
918873 
918874 
918875 
918876 
918877 
918878 
918879 
918880 
918881 
918882 
918883 
918884 
918885 
918904 
918905 
918906 
918907 
918908 
918909 
918910 
918937 
918938 
918939 
918940 
918941 
918942 
918943 
918944 
918945 
918946 
918947 
918948 
918949 
918950 
919002 
919003 
919004 
919005 
919006 
919007 
919008 
919009 
919010 
919011 
919012 
919013 
919014 
919015 
919016 
919017 
919018 
919019 
919020 
919021 
919022 
919023 
919024 
919025 
919026 
919027 
919028 
919029 
919030 
919031 
919032 
919033 
919034 
919035 
919036 
919037 
919038 
919039 
919040 
919041 
919077 
919078 
919079 
919080 
919081 
919082 
919083 
919084 
919085 
919089 
919090 
919091 
919092 
919093 
919094 
919095 
919096 
919097 
919098 
919099 
919100 
919101 
919102 
919103 
919104 
919105 
919106 
919107 
919108 
919109 
919110 
919111 
919112 
919113 
919114 
919115 
919116 
919117 
919118 
919119 
919120 
919121 
919122 
919123 
919124 
919125 
919147 
919148 
919149 
919150 
919151 
919152 
919153 
919221 
919222 
919223 
919224 
919225 
919226 
919227 
919228 
919229 
919230 
919231 
919232 
919248 
919249 
919250 
919266 
919267 
919268 
919302 
919303 
919304 
919314 
919315 
919316 
919317 
919318 
919319 
919329 
919330 
919331 
919341 
919342 
919343 
919344 
919345 
919346 
919377 
919378 
919379 
919383 
919384 
919385 
919410 
919411 
919412 
919413 
919414 
919415 
919422 
919423 
919424 
919431 
919432 
919433 
919437 
919438 
919439 
919449 
919450 
919451 
919452 
919453 
919454 
919464 
919465 
919466 
919467 
919468 
919469 
919470 
919471 
919472 
919500 
919501 
919502 
919503 
919504 
919505 
919509 
919510 
919511 
919518 
919519 
919520 
919554 
919555 
919556 
919557 
919558 
919559 
919569 
919570 
919571 
919572 
919573 
919574 
919575 
919576 
919577 
919590 
919591 
919592 
919593 
919594 
919595 
919596 
919597 
919598 
919611 
919612 
919613 
919614 
919615 
919616 
919617 
919618 
919619 
919620 
919621 
919622 
919650 
919651 
919652 
919653 
919654 
919655 
919662 
919663 
919664 
919665 
919666 
919667 
919695 
919696 
919697 
919698 
919699 
919700 
919701 
919702 
919703 
919704 
919705 
919706 
919707 
919708 
919709 
919713 
919714 
919715 
919746 
919747 
919748 
919752 
919753 
919754 
919755 
919756 
919757 
919758 
919759 
919760 
919761 
919762 
919763 
919764 
919765 
919766 
919821 
919822 
919823 
919824 
919825 
919826 
919827 
919828 
919829 
919830 
919831 
919832 
919875 
919876 
919877 
919878 
919879 
919880 
919890 
919891 
919892 
919911 
919912 
919913 
919914 
919915 
919916 
919917 
919918 
919919 
919938 
919939 
919940 
919941 
919942 
919943 
919965 
919966 
919967 
919968 
919969 
919970 
919971 
919972 
919973 
919974 
919975 
919976 
919989 
919990 
919991 
919992 
919993 
919994 
919995 
919996 
919997 
919998 
919999 
920000 
920016 
920017 
920018 
920019 
920020 
920021 
920034 
920035 
920036 
920037 
920038 
920039 
920055 
920056 
920057 
920064 
920065 
920066 
920067 
920068 
920069 
920070 
920071 
920072 
920073 
920074 
920075 
920076 
920077 
920078 
920079 
920080 
920081 
920082 
920083 
920084 
920085 
920086 
920087 
920088 
920089 
920090 
920091 
920092 
920093 
920094 
920095 
920096 
920097 
920098 
920099 
920100 
920101 
920102 
920103 
920104 
920105 
920106 
920107 
920108 
920133 
920134 
920135 
920136 
920137 
920138 
920139 
920140 
920141 
920142 
920143 
920144 
920151 
920152 
920153 
920154 
920155 
920156 
920160 
920161 
920162 
920163 
920164 
920165 
920166 
920167 
920168 
920169 
920170 
920171 
920172 
920173 
920174 
920175 
920176 
920177 
)

// ************************************************************************* //
