/*--------------------------------*- C++ -*----------------------------------*\
  =========                 |
  \\      /  F ield         | OpenFOAM: The Open Source CFD Toolbox
   \\    /   O peration     | Website:  https://openfoam.org
    \\  /    A nd           | Version:  7
     \\/     M anipulation  |
\*---------------------------------------------------------------------------*/
FoamFile
{
    version     2.0;
    format      ascii;
    class       faceSet;
    location    "constant/polyMesh/sets";
    object      topOutflowPatch;
}
// * * * * * * * * * * * * * * * * * * * * * * * * * * * * * * * * * * * * * //


3952
(
917504 
917505 
917506 
917507 
917508 
917509 
917510 
917511 
917512 
917513 
917515 
917516 
917517 
917518 
917519 
917520 
917554 
917555 
917556 
917557 
917558 
917559 
917560 
917561 
917562 
917563 
917564 
917565 
917566 
917567 
917568 
917569 
917570 
917571 
917575 
917576 
917577 
917578 
917579 
917580 
917581 
917582 
917583 
917617 
917618 
917619 
917620 
917621 
917622 
917623 
917624 
917625 
917626 
917627 
917628 
917629 
917630 
917631 
917632 
917633 
917634 
917635 
917636 
917637 
917638 
917639 
917640 
917641 
917642 
917643 
917644 
917645 
917646 
917647 
917648 
917649 
917650 
917651 
917652 
917653 
917654 
917655 
917656 
917657 
917659 
917660 
917661 
917662 
917663 
917664 
917665 
917666 
917667 
917668 
917669 
917670 
917671 
917672 
917673 
917674 
917675 
917676 
917677 
917678 
917679 
917680 
917681 
917682 
917683 
917684 
917685 
917686 
917687 
917688 
917689 
917690 
917691 
917692 
917714 
917715 
917716 
917717 
917718 
917719 
917720 
917721 
917722 
917723 
917724 
917725 
917726 
917728 
917729 
917730 
917731 
917732 
917733 
917734 
917735 
917736 
917737 
917738 
917739 
917740 
917741 
917742 
917743 
917744 
917745 
917746 
917747 
917748 
917749 
917750 
917751 
917752 
917753 
917754 
917755 
917756 
917757 
917758 
917759 
917760 
917762 
917763 
917765 
917766 
917767 
917768 
917769 
917770 
917771 
917772 
917773 
917774 
917775 
917776 
917777 
917778 
917779 
917780 
917781 
917782 
917783 
917784 
917785 
917786 
917787 
917788 
917789 
917790 
917791 
917792 
917793 
917794 
917795 
917797 
917798 
917799 
917800 
917801 
917802 
917803 
917804 
917805 
917806 
917807 
917812 
917813 
917814 
917815 
917816 
917817 
917818 
917819 
917820 
917821 
917822 
917823 
917826 
917827 
917828 
917829 
917830 
917831 
917832 
917835 
917836 
917837 
917840 
917841 
917842 
917843 
917844 
917845 
917846 
917847 
917848 
917849 
917850 
917851 
917852 
917853 
917854 
917855 
917856 
917857 
917859 
917860 
917861 
917862 
917863 
917864 
917865 
917866 
917867 
917868 
917869 
917875 
917876 
917877 
917881 
917882 
917883 
917884 
917885 
917886 
917890 
917891 
917893 
917894 
917895 
917896 
917897 
917898 
917899 
917900 
917901 
917902 
917903 
917904 
917907 
917908 
917909 
917910 
917911 
917912 
917913 
917914 
917915 
917916 
917917 
917918 
917919 
917920 
917921 
917922 
917923 
917924 
917927 
917928 
917929 
917930 
917931 
917932 
917933 
917934 
917935 
917936 
918069 
918070 
918071 
918072 
918073 
918074 
918075 
918076 
918077 
918078 
918079 
918080 
918081 
918082 
918083 
918092 
918093 
918094 
918112 
918113 
918114 
918115 
918116 
918123 
918124 
918125 
918126 
918127 
918128 
918129 
918130 
918131 
918132 
918133 
918134 
918135 
918136 
918149 
918150 
918151 
918152 
918153 
918154 
918155 
918156 
918157 
918158 
918159 
918160 
918161 
918162 
918163 
918164 
918165 
918166 
918167 
918168 
918185 
918186 
918187 
918220 
918221 
918222 
918242 
918243 
918244 
918245 
918246 
918247 
918248 
918249 
918250 
918251 
918252 
918253 
918262 
918263 
918264 
918265 
918266 
918267 
918268 
918269 
918270 
918271 
918272 
918273 
918274 
918275 
918276 
918277 
918278 
918279 
918286 
918287 
918288 
918289 
918290 
918291 
918292 
918293 
918294 
918295 
918296 
918297 
918298 
918299 
918300 
918301 
918302 
918315 
918316 
918317 
918318 
918319 
918320 
918339 
918340 
918341 
918348 
918349 
918350 
918351 
918352 
918353 
918354 
918355 
918356 
918357 
918358 
918359 
918360 
918361 
918362 
918363 
918364 
918365 
918366 
918367 
918368 
918369 
918370 
918371 
918384 
918385 
918386 
918387 
918388 
918389 
918390 
918391 
918392 
918393 
918394 
918395 
918417 
918418 
918419 
918438 
918439 
918440 
918441 
918442 
918443 
918447 
918448 
918449 
918450 
918451 
918452 
918471 
918472 
918473 
918474 
918475 
918476 
918483 
918484 
918485 
918510 
918511 
918512 
918513 
918514 
918515 
918516 
918517 
918518 
918525 
918526 
918527 
918528 
918529 
918530 
918531 
918532 
918533 
918534 
918535 
918536 
918537 
918538 
918539 
918540 
918541 
918542 
918543 
918544 
918545 
918546 
918547 
918548 
918549 
918550 
918551 
918552 
918553 
918554 
918555 
918556 
918557 
918558 
918559 
918560 
918561 
918562 
918563 
918564 
918565 
918566 
918567 
918568 
918569 
918570 
918571 
918572 
918573 
918574 
918575 
918576 
918577 
918612 
918613 
918614 
918615 
918616 
918617 
918618 
918619 
918620 
918621 
918622 
918623 
918624 
918625 
918626 
918627 
918628 
918629 
918630 
918631 
918632 
918633 
918634 
918635 
918636 
918637 
918638 
918639 
918640 
918641 
918642 
918643 
918644 
918645 
918646 
918647 
918648 
918656 
918657 
918658 
918659 
918660 
918661 
918662 
918663 
918664 
918665 
918666 
918667 
918668 
918669 
918670 
918671 
918672 
918673 
918692 
918693 
918694 
918695 
918696 
918697 
918698 
918699 
918700 
918708 
918709 
918710 
918711 
918712 
918713 
918714 
918715 
918716 
918717 
918718 
918719 
918720 
918721 
918722 
918723 
918724 
918725 
918726 
918727 
918728 
918729 
918730 
918731 
918732 
918733 
918734 
918735 
918736 
918737 
918738 
918739 
918740 
918748 
918749 
918750 
918751 
918752 
918753 
918754 
918755 
918756 
918757 
918758 
918759 
918760 
918761 
918769 
918770 
918771 
918772 
918773 
918774 
918775 
918776 
918777 
918810 
918811 
918812 
918822 
918823 
918824 
918825 
918826 
918827 
918828 
918829 
918830 
918831 
918832 
918833 
918834 
918835 
918836 
918837 
918838 
918839 
918840 
918841 
918842 
918843 
918844 
918845 
918846 
918847 
918848 
918849 
918850 
918851 
918852 
918853 
918854 
918855 
918856 
918886 
918887 
918888 
918889 
918890 
918891 
918892 
918893 
918894 
918895 
918896 
918897 
918898 
918899 
918900 
918901 
918902 
918903 
918911 
918912 
918913 
918914 
918915 
918916 
918917 
918918 
918919 
918920 
918921 
918922 
918923 
918924 
918925 
918926 
918927 
918928 
918929 
918930 
918931 
918932 
918933 
918934 
918935 
918936 
918951 
918952 
918953 
918954 
918955 
918956 
918957 
918958 
918959 
918960 
918961 
918962 
918963 
918964 
918965 
918966 
918967 
918968 
918969 
918970 
918971 
918972 
918973 
918974 
918975 
918976 
918977 
918978 
918979 
918980 
918981 
918982 
918983 
918984 
918985 
918986 
918987 
918988 
918989 
918990 
918991 
918992 
918993 
918994 
918995 
918996 
918997 
918998 
918999 
919000 
919001 
919042 
919043 
919044 
919045 
919046 
919047 
919048 
919049 
919050 
919051 
919052 
919053 
919054 
919055 
919056 
919057 
919058 
919059 
919060 
919061 
919062 
919063 
919064 
919065 
919066 
919067 
919068 
919069 
919070 
919071 
919072 
919073 
919074 
919075 
919076 
919086 
919087 
919088 
919126 
919127 
919128 
919129 
919130 
919131 
919132 
919133 
919134 
919135 
919136 
919137 
919138 
919139 
919140 
919141 
919142 
919143 
919144 
919145 
919146 
919154 
919155 
919156 
919157 
919158 
919159 
919160 
919161 
919162 
919163 
919164 
919165 
919166 
919167 
919168 
919169 
919170 
919171 
919172 
919173 
919174 
919175 
919176 
919177 
919178 
919179 
919180 
919181 
919182 
919183 
919184 
919185 
919186 
919187 
919188 
919189 
919190 
919191 
919192 
919193 
919194 
919195 
919196 
919197 
919198 
919199 
919200 
919201 
919202 
919203 
919204 
919205 
919206 
919207 
919208 
919209 
919210 
919211 
919212 
919213 
919214 
919215 
919216 
919217 
919218 
919219 
919220 
919233 
919234 
919235 
919236 
919237 
919238 
919239 
919240 
919241 
919242 
919243 
919244 
919245 
919246 
919247 
919251 
919252 
919253 
919254 
919255 
919256 
919257 
919258 
919259 
919260 
919261 
919262 
919263 
919264 
919265 
919269 
919270 
919271 
919272 
919273 
919274 
919275 
919276 
919277 
919278 
919279 
919280 
919281 
919282 
919283 
919284 
919285 
919286 
919287 
919288 
919289 
919290 
919291 
919292 
919293 
919294 
919295 
919296 
919297 
919298 
919299 
919300 
919301 
919305 
919306 
919307 
919308 
919309 
919310 
919311 
919312 
919313 
919320 
919321 
919322 
919323 
919324 
919325 
919326 
919327 
919328 
919332 
919333 
919334 
919335 
919336 
919337 
919338 
919339 
919340 
919347 
919348 
919349 
919350 
919351 
919352 
919353 
919354 
919355 
919356 
919357 
919358 
919359 
919360 
919361 
919362 
919363 
919364 
919365 
919366 
919367 
919368 
919369 
919370 
919371 
919372 
919373 
919374 
919375 
919376 
919380 
919381 
919382 
919386 
919387 
919388 
919389 
919390 
919391 
919392 
919393 
919394 
919395 
919396 
919397 
919398 
919399 
919400 
919401 
919402 
919403 
919404 
919405 
919406 
919407 
919408 
919409 
919416 
919417 
919418 
919419 
919420 
919421 
919425 
919426 
919427 
919428 
919429 
919430 
919434 
919435 
919436 
919440 
919441 
919442 
919443 
919444 
919445 
919446 
919447 
919448 
919455 
919456 
919457 
919458 
919459 
919460 
919461 
919462 
919463 
919473 
919474 
919475 
919476 
919477 
919478 
919479 
919480 
919481 
919482 
919483 
919484 
919485 
919486 
919487 
919488 
919489 
919490 
919491 
919492 
919493 
919494 
919495 
919496 
919497 
919498 
919499 
919506 
919507 
919508 
919512 
919513 
919514 
919515 
919516 
919517 
919521 
919522 
919523 
919524 
919525 
919526 
919527 
919528 
919529 
919530 
919531 
919532 
919533 
919534 
919535 
919536 
919537 
919538 
919539 
919540 
919541 
919542 
919543 
919544 
919545 
919546 
919547 
919548 
919549 
919550 
919551 
919552 
919553 
919560 
919561 
919562 
919563 
919564 
919565 
919566 
919567 
919568 
919578 
919579 
919580 
919581 
919582 
919583 
919584 
919585 
919586 
919587 
919588 
919589 
919599 
919600 
919601 
919602 
919603 
919604 
919605 
919606 
919607 
919608 
919609 
919610 
919623 
919624 
919625 
919626 
919627 
919628 
919629 
919630 
919631 
919632 
919633 
919634 
919635 
919636 
919637 
919638 
919639 
919640 
919641 
919642 
919643 
919644 
919645 
919646 
919647 
919648 
919649 
919656 
919657 
919658 
919659 
919660 
919661 
919668 
919669 
919670 
919671 
919672 
919673 
919674 
919675 
919676 
919677 
919678 
919679 
919680 
919681 
919682 
919683 
919684 
919685 
919686 
919687 
919688 
919689 
919690 
919691 
919692 
919693 
919694 
919710 
919711 
919712 
919716 
919717 
919718 
919719 
919720 
919721 
919722 
919723 
919724 
919725 
919726 
919727 
919728 
919729 
919730 
919731 
919732 
919733 
919734 
919735 
919736 
919737 
919738 
919739 
919740 
919741 
919742 
919743 
919744 
919745 
919749 
919750 
919751 
919767 
919768 
919769 
919770 
919771 
919772 
919773 
919774 
919775 
919776 
919777 
919778 
919779 
919780 
919781 
919782 
919783 
919784 
919785 
919786 
919787 
919788 
919789 
919790 
919791 
919792 
919793 
919794 
919795 
919796 
919797 
919798 
919799 
919800 
919801 
919802 
919803 
919804 
919805 
919806 
919807 
919808 
919809 
919810 
919811 
919812 
919813 
919814 
919815 
919816 
919817 
919818 
919819 
919820 
919833 
919834 
919835 
919836 
919837 
919838 
919839 
919840 
919841 
919842 
919843 
919844 
919845 
919846 
919847 
919848 
919849 
919850 
919851 
919852 
919853 
919854 
919855 
919856 
919857 
919858 
919859 
919860 
919861 
919862 
919863 
919864 
919865 
919866 
919867 
919868 
919869 
919870 
919871 
919872 
919873 
919874 
919881 
919882 
919883 
919884 
919885 
919886 
919887 
919888 
919889 
919893 
919894 
919895 
919896 
919897 
919898 
919899 
919900 
919901 
919902 
919903 
919904 
919905 
919906 
919907 
919908 
919909 
919910 
919920 
919921 
919922 
919923 
919924 
919925 
919926 
919927 
919928 
919929 
919930 
919931 
919932 
919933 
919934 
919935 
919936 
919937 
919944 
919945 
919946 
919947 
919948 
919949 
919950 
919951 
919952 
919953 
919954 
919955 
919956 
919957 
919958 
919959 
919960 
919961 
919962 
919963 
919964 
919977 
919978 
919979 
919980 
919981 
919982 
919983 
919984 
919985 
919986 
919987 
919988 
920001 
920002 
920003 
920004 
920005 
920006 
920007 
920008 
920009 
920010 
920011 
920012 
920013 
920014 
920015 
920022 
920023 
920024 
920025 
920026 
920027 
920028 
920029 
920030 
920031 
920032 
920033 
920040 
920041 
920042 
920043 
920044 
920045 
920046 
920047 
920048 
920049 
920050 
920051 
920052 
920053 
920054 
920058 
920059 
920060 
920061 
920062 
920063 
920109 
920110 
920111 
920112 
920113 
920114 
920115 
920116 
920117 
920118 
920119 
920120 
920121 
920122 
920123 
920124 
920125 
920126 
920127 
920128 
920129 
920130 
920131 
920132 
920145 
920146 
920147 
920148 
920149 
920150 
920157 
920158 
920159 
913566 
913567 
913568 
913569 
913570 
913571 
913572 
913573 
913574 
913575 
913576 
913577 
913578 
913579 
913580 
913581 
913582 
913583 
913584 
913585 
913586 
913587 
913588 
913589 
913590 
913591 
913592 
913593 
913594 
913595 
913596 
913597 
913598 
913599 
913600 
913601 
913602 
913603 
913604 
913605 
913606 
913607 
913608 
913609 
913610 
913611 
913612 
913613 
913614 
913615 
913616 
913617 
913618 
913619 
913620 
913621 
913622 
913623 
913624 
913625 
913626 
913627 
913628 
913629 
913630 
913631 
913632 
913633 
913634 
913635 
913636 
913637 
913638 
913639 
913640 
913641 
913642 
913643 
913644 
913645 
913646 
913647 
913648 
913649 
913650 
913651 
913652 
913653 
913654 
913655 
913656 
913657 
913658 
913659 
913660 
913661 
913662 
913663 
913664 
913665 
913666 
913667 
913668 
913669 
913670 
913671 
913672 
913673 
913674 
913675 
913676 
913677 
913678 
913679 
913680 
913681 
913682 
913683 
913684 
913685 
913686 
913687 
913688 
913689 
913690 
913691 
913692 
913693 
913694 
913695 
913696 
913697 
913698 
913699 
913700 
913701 
913702 
913703 
913704 
913705 
913706 
913707 
913708 
913709 
913710 
913711 
913712 
913713 
913715 
913716 
913717 
913718 
913719 
913720 
913721 
913722 
913723 
913724 
913725 
913726 
913727 
913728 
913734 
913735 
913736 
913737 
913738 
913739 
913740 
913741 
913742 
913743 
913744 
913745 
913746 
913752 
913753 
913754 
913755 
913756 
913757 
913758 
913759 
913760 
913761 
913762 
913763 
913764 
913772 
913773 
913774 
913775 
913776 
913777 
913778 
913779 
913780 
913781 
913782 
913783 
913784 
913790 
913791 
913792 
913793 
913794 
913795 
913796 
913797 
913798 
913799 
913800 
913801 
913802 
913808 
913809 
913810 
913811 
913812 
913813 
913814 
913815 
913816 
913817 
913818 
913819 
913820 
913821 
913823 
913824 
913825 
913826 
913827 
913828 
913829 
913830 
913831 
913832 
913833 
913834 
913835 
913836 
913837 
913838 
913839 
913840 
913841 
913842 
913843 
913844 
913845 
913846 
913847 
913848 
913849 
913850 
913851 
913852 
913853 
913854 
913855 
913856 
913857 
913858 
913859 
913860 
913861 
913862 
913863 
913864 
913865 
913866 
913867 
913868 
913869 
913870 
913871 
913872 
913873 
913874 
913875 
913876 
913877 
913878 
913879 
913880 
913881 
913882 
913883 
913884 
913885 
913886 
913887 
913888 
913889 
913890 
913891 
913892 
913893 
913894 
913895 
913896 
913897 
913898 
913899 
913900 
913901 
913902 
913903 
913904 
913905 
913906 
913907 
913908 
913909 
913910 
913911 
913912 
913913 
913914 
913915 
913916 
913917 
913918 
913919 
913920 
913921 
913922 
913923 
913924 
913925 
913926 
913927 
913928 
913929 
913930 
913931 
913932 
913933 
913934 
913935 
913936 
913937 
913938 
913939 
913940 
913941 
913942 
913943 
913944 
913945 
913946 
913947 
913948 
913949 
913950 
913951 
913952 
913953 
913954 
913955 
913956 
913957 
913958 
913959 
913961 
913963 
913964 
913965 
913966 
913967 
913978 
913980 
913981 
913982 
913986 
913987 
913988 
913989 
913990 
913992 
913998 
913999 
914001 
914002 
914003 
914004 
914005 
914006 
914008 
914013 
914014 
914015 
914016 
914017 
914018 
914022 
914023 
914024 
914025 
914027 
914034 
914035 
914036 
914037 
914038 
914039 
914040 
914041 
914043 
914044 
914045 
914046 
914047 
914048 
914049 
914050 
914051 
914052 
914053 
914054 
914055 
914056 
914057 
914058 
914059 
914060 
914061 
914062 
914063 
914064 
914065 
914066 
914067 
914068 
914069 
914070 
914071 
914072 
914082 
914083 
914084 
914085 
914086 
914087 
914088 
914098 
914099 
914100 
914101 
914102 
914103 
914108 
914113 
914114 
914115 
914116 
914117 
914126 
914127 
914128 
914129 
914130 
914133 
914134 
914135 
914136 
914137 
914140 
914141 
914142 
914143 
914144 
914145 
914146 
914147 
914148 
914149 
914150 
914151 
914152 
914153 
914154 
914155 
914156 
914157 
914158 
914161 
914164 
914165 
914166 
914167 
914168 
914169 
914170 
914171 
914172 
914173 
914174 
914175 
914176 
914177 
914191 
914192 
914193 
914194 
914195 
914196 
914197 
914198 
914199 
914200 
914201 
914209 
914210 
914211 
914212 
914213 
914214 
914217 
914227 
914228 
914232 
914242 
914243 
914245 
914246 
914247 
914248 
914249 
914250 
914259 
914260 
914261 
914262 
914263 
914264 
914265 
914266 
914267 
914268 
914269 
914270 
914271 
914292 
914293 
914294 
914295 
914296 
914297 
914298 
914299 
914300 
914301 
914302 
914303 
914304 
914306 
914307 
914309 
914310 
914311 
914312 
914313 
914314 
914315 
914316 
914317 
914318 
914319 
914320 
914321 
914322 
914323 
914324 
914325 
914326 
914327 
914328 
914329 
914338 
914339 
914340 
914341 
914342 
914343 
914344 
914349 
914350 
914351 
914352 
914353 
914354 
914359 
914360 
914361 
914372 
914373 
914374 
914375 
914376 
914377 
914378 
914379 
914380 
914381 
914384 
914385 
914386 
914387 
914388 
914389 
914390 
914391 
914392 
914393 
914394 
914395 
914396 
914397 
914398 
914399 
914400 
914401 
914402 
914403 
914404 
914405 
914406 
914407 
914408 
914409 
914410 
914411 
914412 
914413 
914414 
914415 
914416 
914417 
914420 
914421 
914422 
914425 
914426 
914427 
914428 
914429 
914430 
914431 
914432 
914433 
914434 
914435 
914436 
914437 
914456 
914457 
914458 
914459 
914470 
914471 
914472 
914473 
914474 
914475 
914478 
914479 
914480 
914490 
914491 
914492 
914493 
914494 
914495 
914497 
914498 
914499 
914500 
914501 
914502 
914503 
914504 
914505 
914508 
914509 
914510 
914520 
914521 
914522 
914523 
914524 
914525 
914527 
914528 
914529 
914530 
914536 
914537 
914538 
914539 
914540 
914541 
914542 
914564 
914565 
914566 
914567 
914568 
914569 
914571 
914572 
914573 
914574 
914575 
914576 
914578 
914579 
914580 
914581 
914582 
914583 
914584 
914585 
914586 
914587 
914588 
914589 
914590 
914591 
914592 
914593 
914594 
914595 
914596 
914597 
914598 
914599 
914600 
914601 
914602 
914603 
914605 
914606 
914607 
914608 
914609 
914610 
914611 
914612 
914613 
914614 
914627 
914628 
914629 
914630 
914636 
914637 
914638 
914639 
914640 
914641 
914642 
914643 
914644 
914645 
914650 
914651 
914652 
914653 
914658 
914659 
914660 
914661 
914666 
914672 
914673 
914674 
914675 
914676 
914677 
914680 
914681 
914682 
914683 
914684 
914685 
914686 
914687 
914688 
914689 
914690 
914691 
914692 
914693 
914695 
914696 
914697 
914700 
914701 
914702 
914703 
914704 
914705 
914706 
914709 
914710 
914711 
914712 
914713 
914714 
914715 
914716 
914717 
914718 
914721 
914740 
914741 
914742 
914743 
914744 
914745 
914748 
914749 
914750 
914751 
914752 
914753 
914754 
914755 
914756 
914757 
914771 
914772 
914773 
914774 
914775 
914776 
914777 
914780 
914781 
914782 
914783 
914793 
914794 
914795 
914796 
914797 
914798 
914799 
914800 
914801 
914802 
914803 
914807 
914808 
914809 
914810 
914811 
914812 
914813 
914823 
914824 
914825 
914826 
914827 
914828 
914829 
914830 
914831 
914832 
914833 
914835 
914836 
914837 
914838 
914839 
914840 
914855 
914856 
914857 
914858 
914859 
914860 
914861 
914862 
914863 
914864 
914865 
914866 
914867 
914870 
914871 
914872 
914873 
914874 
914875 
914903 
914904 
914905 
914906 
914907 
914908 
914909 
914910 
914911 
914912 
914913 
914914 
914915 
914916 
914918 
914919 
914920 
914922 
914923 
914924 
914925 
914926 
914927 
914928 
914929 
914931 
914932 
914933 
914934 
914935 
914936 
914937 
914938 
914940 
914941 
914942 
914943 
914944 
914945 
914946 
914947 
914948 
914949 
914950 
914951 
914952 
914955 
914956 
914957 
914958 
914959 
914960 
914961 
914962 
914963 
914964 
914965 
914966 
914967 
914968 
914969 
914970 
914971 
914972 
914973 
914974 
914977 
914978 
914979 
914980 
914981 
914986 
914987 
914988 
914989 
914990 
914991 
914992 
914993 
914994 
914995 
914996 
914997 
914998 
914999 
915000 
915001 
915002 
915003 
915004 
915005 
915006 
915007 
915008 
915009 
915010 
915011 
915012 
915013 
915014 
915015 
915016 
915017 
915018 
915019 
915020 
915021 
915022 
915023 
915024 
915025 
915026 
915027 
915028 
915029 
915030 
915031 
915032 
915033 
915034 
915035 
915036 
915037 
915039 
915041 
915042 
915043 
915044 
915045 
915046 
915047 
915049 
915050 
915051 
915054 
915056 
915057 
915058 
915061 
915062 
915063 
915064 
915065 
915066 
915069 
915070 
915072 
915073 
915075 
915076 
915078 
915079 
915082 
915083 
915084 
915085 
915087 
915088 
915089 
915090 
915091 
915092 
915094 
915096 
915097 
915098 
915099 
915100 
915101 
915104 
915105 
915108 
915109 
915110 
915111 
915114 
915119 
915120 
915121 
915122 
915123 
915125 
915126 
915127 
915128 
915130 
915134 
915137 
915138 
915139 
915140 
915145 
915146 
915147 
915148 
915149 
915150 
915151 
915152 
915153 
915155 
915156 
915157 
915158 
915159 
915160 
915161 
915162 
915163 
915164 
915165 
915166 
915167 
915168 
915169 
915170 
915171 
915172 
915173 
915183 
915184 
915185 
915188 
915189 
915190 
915194 
915195 
915196 
915197 
915198 
915199 
915200 
915201 
915202 
915203 
915204 
915205 
915206 
915207 
915208 
915218 
915219 
915220 
915225 
915226 
915227 
915248 
915249 
915250 
915257 
915258 
915259 
915260 
915261 
915262 
915266 
915267 
915268 
915269 
915270 
915271 
915272 
915273 
915274 
915275 
915276 
915277 
915278 
915279 
915280 
915281 
915282 
915283 
915287 
915288 
915289 
915290 
915291 
915292 
915298 
915299 
915300 
915301 
915302 
915305 
915306 
915307 
915316 
915317 
915320 
915321 
915322 
915323 
915324 
915325 
915326 
915327 
915328 
915329 
915330 
915331 
915332 
915333 
915338 
915339 
915340 
915341 
915342 
915343 
915344 
915345 
915346 
915347 
915348 
915362 
915363 
915381 
915382 
915396 
915397 
915398 
915399 
915400 
915412 
915413 
915414 
915415 
915416 
915417 
915418 
915419 
915420 
915421 
915422 
915423 
915426 
915427 
915428 
915429 
915430 
915431 
915432 
915433 
915434 
915435 
915436 
915437 
915438 
915439 
915449 
915450 
915451 
915452 
915453 
915454 
915464 
915465 
915469 
915470 
915471 
915472 
915473 
915474 
915475 
915476 
915477 
915478 
915479 
915480 
915481 
915482 
915489 
915490 
915491 
915492 
915493 
915494 
915507 
915508 
915518 
915519 
915520 
915521 
915522 
915523 
915527 
915528 
915529 
915530 
915531 
915532 
915545 
915546 
915547 
915548 
915549 
915550 
915554 
915555 
915571 
915572 
915573 
915574 
915577 
915578 
915579 
915580 
915581 
915582 
915584 
915585 
915586 
915587 
915588 
915589 
915590 
915591 
915592 
915593 
915594 
915595 
915596 
915597 
915598 
915599 
915600 
915601 
915602 
915603 
915604 
915605 
915606 
915607 
915608 
915609 
915610 
915611 
915612 
915613 
915614 
915615 
915616 
915617 
915618 
915627 
915638 
915639 
915640 
915641 
915642 
915643 
915644 
915645 
915646 
915647 
915648 
915650 
915651 
915652 
915653 
915654 
915655 
915656 
915657 
915660 
915661 
915662 
915663 
915664 
915665 
915666 
915667 
915679 
915680 
915681 
915682 
915683 
915684 
915685 
915687 
915688 
915689 
915690 
915691 
915692 
915693 
915694 
915695 
915696 
915697 
915698 
915699 
915700 
915701 
915702 
915703 
915704 
915705 
915706 
915707 
915708 
915709 
915710 
915711 
915712 
915713 
915714 
915715 
915717 
915718 
915719 
915720 
915721 
915723 
915724 
915725 
915726 
915727 
915728 
915729 
915730 
915731 
915732 
915733 
915752 
915753 
915754 
915755 
915756 
915757 
915758 
915759 
915764 
915765 
915766 
915767 
915768 
915769 
915770 
915771 
915772 
915773 
915774 
915775 
915776 
915777 
915778 
915779 
915780 
915799 
915800 
915801 
915802 
915803 
915804 
915805 
915806 
915809 
915810 
915811 
915812 
915813 
915814 
915815 
915816 
915818 
915819 
915820 
915821 
915822 
915823 
915824 
915825 
915830 
915831 
915833 
915834 
915835 
915836 
915837 
915838 
915839 
915840 
915841 
915842 
915844 
915845 
915846 
915847 
915848 
915849 
915850 
915851 
915852 
915853 
915854 
915879 
915880 
915881 
915882 
915883 
915884 
915885 
915886 
915887 
915888 
915889 
915890 
915891 
915892 
915893 
915894 
915895 
915900 
915901 
915902 
915903 
915904 
915905 
915906 
915907 
915908 
915928 
915929 
915930 
915931 
915932 
915933 
915934 
915935 
915936 
915937 
915938 
915939 
915940 
915941 
915942 
915943 
915944 
915945 
915946 
915947 
915949 
915950 
915951 
915952 
915953 
915954 
915955 
915956 
915957 
915958 
915959 
915960 
915961 
915962 
915963 
915964 
915965 
915966 
915967 
915968 
915969 
915970 
915971 
915972 
915973 
915974 
915975 
915976 
915977 
915978 
915979 
915980 
915981 
915982 
915983 
915984 
915985 
915986 
915987 
915988 
915989 
915990 
915991 
915992 
915993 
915994 
915995 
915996 
915997 
915998 
915999 
916000 
916001 
916002 
916003 
916004 
916005 
916006 
916007 
916008 
916009 
916010 
916011 
916012 
916013 
916015 
916016 
916017 
916018 
916020 
916021 
916022 
916025 
916026 
916027 
916029 
916030 
916032 
916033 
916034 
916035 
916036 
916037 
916038 
916039 
916040 
916041 
916042 
916043 
916045 
916046 
916048 
916049 
916050 
916051 
916052 
916053 
916054 
916057 
916058 
916059 
916062 
916063 
916064 
916065 
916066 
916067 
916068 
916069 
916131 
916136 
916137 
916141 
916151 
916152 
916155 
916156 
916161 
916162 
916171 
916172 
916176 
916177 
916178 
916185 
916190 
916199 
916204 
916205 
916206 
916221 
916222 
916223 
916228 
916229 
916230 
916237 
916239 
916240 
916244 
916245 
916249 
916250 
916261 
916262 
916263 
916264 
916265 
916266 
916276 
916277 
916280 
916281 
916282 
916283 
916284 
916285 
916286 
916287 
916288 
916289 
916290 
916300 
916301 
916302 
916303 
916304 
916305 
916315 
916316 
916317 
916318 
916319 
916320 
916330 
916331 
916332 
916333 
916334 
916335 
916348 
916349 
916350 
916351 
916352 
916353 
916354 
916355 
916356 
916357 
916358 
916359 
916360 
916361 
916362 
916363 
916364 
916365 
916378 
916379 
916380 
916384 
916385 
916386 
916396 
916397 
916398 
916399 
916400 
916401 
916417 
916418 
916419 
916426 
916427 
916428 
916429 
916430 
916431 
916432 
916433 
916434 
916435 
916436 
916437 
916438 
916439 
916440 
916441 
916442 
916443 
916444 
916445 
916446 
916447 
916448 
916449 
916450 
916451 
916452 
916453 
916454 
916455 
916471 
916472 
916473 
916474 
916475 
916476 
916477 
916478 
916479 
916483 
916484 
916485 
916507 
916508 
916509 
916510 
916511 
916512 
916513 
916514 
916515 
916519 
916520 
916521 
916522 
916523 
916524 
916525 
916526 
916527 
916528 
916529 
916530 
916531 
916532 
916533 
916540 
916541 
916542 
916543 
916544 
916545 
916546 
916547 
916548 
916549 
916550 
916551 
916552 
916553 
916554 
916555 
916556 
916557 
916558 
916559 
916560 
916561 
916562 
916563 
916564 
916565 
916566 
916567 
916568 
916569 
916582 
916583 
916584 
916585 
916586 
916587 
916588 
916589 
916590 
916591 
916592 
916593 
916594 
916595 
916596 
916597 
916598 
916599 
916600 
916601 
916602 
916615 
916616 
916617 
916618 
916619 
916620 
916621 
916622 
916623 
916624 
916625 
916626 
916627 
916628 
916629 
916630 
916631 
916632 
916633 
916634 
916635 
916645 
916646 
916647 
916648 
916649 
916650 
916651 
916652 
916653 
916654 
916655 
916656 
916657 
916658 
916659 
916717 
916718 
916719 
916720 
916721 
916722 
916723 
916724 
916725 
916726 
916727 
916728 
916738 
916739 
916740 
916741 
916742 
916743 
916744 
916745 
916746 
916747 
916748 
916749 
916750 
916751 
916752 
916753 
916754 
916755 
916756 
916757 
916758 
916759 
916760 
916761 
916789 
916790 
916791 
916792 
916793 
916794 
916795 
916796 
916797 
916798 
916799 
916800 
916801 
916802 
916803 
916804 
916805 
916806 
916807 
916808 
916809 
916810 
916811 
916812 
916813 
916814 
916815 
916822 
916823 
916824 
916825 
916826 
916827 
916828 
916829 
916830 
916831 
916832 
916833 
916834 
916835 
916836 
916837 
916838 
916839 
916840 
916841 
916842 
916843 
916844 
916845 
916855 
916856 
916857 
916858 
916859 
916860 
916861 
916862 
916863 
916870 
916871 
916872 
916873 
916874 
916875 
916876 
916877 
916878 
916897 
916898 
916899 
916900 
916901 
916902 
916903 
916904 
916905 
916906 
916907 
916908 
916909 
916910 
916911 
916912 
916913 
916914 
916915 
916916 
916917 
916918 
916919 
916920 
916921 
916922 
916923 
916924 
916925 
916926 
916927 
916928 
916929 
916930 
916931 
916932 
916933 
916934 
916935 
916936 
916937 
916938 
916939 
916940 
916941 
916942 
916943 
916944 
916945 
916946 
916947 
916948 
916949 
916950 
916951 
916952 
916953 
916954 
916955 
916956 
916957 
916958 
916959 
916960 
916988 
916989 
916990 
916991 
916992 
916993 
916994 
916995 
917014 
917015 
917016 
917017 
917018 
917019 
917020 
917021 
917022 
917029 
917030 
917031 
917032 
917033 
917034 
917035 
917036 
917037 
917038 
917039 
917040 
917041 
917042 
917043 
917044 
917045 
917046 
917059 
917060 
917061 
917062 
917063 
917064 
917065 
917066 
917067 
917068 
917069 
917070 
917080 
917081 
917082 
917083 
917084 
917085 
917086 
917087 
917088 
917089 
917090 
917118 
917119 
917120 
917121 
917122 
917123 
917124 
917125 
917126 
917127 
917128 
917129 
917130 
917131 
917132 
917133 
917134 
917135 
917136 
917137 
917138 
917139 
917140 
917141 
917142 
917143 
917144 
917145 
917146 
917147 
917148 
917149 
917150 
917151 
917152 
917153 
917154 
917155 
917156 
917157 
917158 
917159 
917160 
917161 
917162 
917163 
917164 
917165 
917166 
917167 
917168 
917169 
917170 
917171 
917172 
917173 
917174 
917175 
917176 
917177 
917178 
917179 
917180 
917181 
917182 
917183 
917184 
917185 
917186 
917187 
917188 
917189 
917217 
917218 
917219 
917220 
917221 
917222 
917223 
917224 
917225 
917226 
917227 
917228 
917229 
917230 
917231 
917232 
917233 
917234 
917235 
917240 
917241 
917242 
917243 
917244 
917245 
917246 
917250 
917251 
917252 
917253 
917254 
917255 
917256 
917257 
917258 
917268 
917275 
917276 
917277 
917278 
917279 
917280 
917281 
917282 
917283 
917285 
917286 
917287 
917288 
917289 
917290 
917291 
917292 
917293 
917294 
917295 
917296 
917297 
917298 
917299 
917300 
917301 
917302 
917303 
917304 
917305 
917306 
917307 
917308 
917309 
917310 
917311 
917313 
917314 
917315 
917316 
917317 
917318 
917319 
917320 
917321 
917322 
917323 
917324 
917325 
917327 
917328 
917329 
917330 
917331 
917332 
917333 
917334 
917335 
917336 
917337 
917338 
917342 
917364 
917365 
917366 
917367 
917368 
917369 
917370 
917371 
917372 
917373 
917377 
917378 
917379 
917380 
917381 
917382 
917383 
917384 
917385 
917386 
917387 
917388 
917389 
917390 
917391 
917392 
917393 
917394 
917425 
917426 
917427 
917428 
917429 
917430 
917431 
917432 
917433 
917435 
917436 
917437 
917438 
917439 
917440 
917441 
917451 
917452 
917453 
917454 
917455 
917456 
917457 
917458 
917459 
917460 
917461 
917462 
917463 
917464 
917465 
917466 
917467 
917468 
917469 
917470 
917472 
917473 
917474 
917475 
917476 
917477 
917478 
917479 
917480 
917481 
917482 
917483 
917484 
917494 
917495 
917496 
917497 
917498 
917499 
917500 
917501 
917502 
917503 
)

// ************************************************************************* //
