/*--------------------------------*- C++ -*----------------------------------*\
  =========                 |
  \\      /  F ield         | OpenFOAM: The Open Source CFD Toolbox
   \\    /   O peration     | Website:  https://openfoam.org
    \\  /    A nd           | Version:  7
     \\/     M anipulation  |
\*---------------------------------------------------------------------------*/
FoamFile
{
    version     2.0;
    format      ascii;
    class       faceSet;
    location    "constant/polyMesh/sets";
    object      topPatch;
}
// * * * * * * * * * * * * * * * * * * * * * * * * * * * * * * * * * * * * * //


6612
(
917504 
917505 
917506 
917507 
917508 
917509 
917510 
917511 
917512 
917513 
917514 
917515 
917516 
917517 
917518 
917519 
917520 
917521 
917522 
917523 
917524 
917525 
917526 
917527 
917528 
917529 
917530 
917531 
917532 
917533 
917534 
917535 
917536 
917537 
917538 
917539 
917540 
917541 
917542 
917543 
917544 
917545 
917546 
917547 
917548 
917549 
917550 
917551 
917552 
917553 
917554 
917555 
917556 
917557 
917558 
917559 
917560 
917561 
917562 
917563 
917564 
917565 
917566 
917567 
917568 
917569 
917570 
917571 
917572 
917573 
917574 
917575 
917576 
917577 
917578 
917579 
917580 
917581 
917582 
917583 
917584 
917585 
917586 
917587 
917588 
917589 
917590 
917591 
917592 
917593 
917594 
917595 
917596 
917597 
917598 
917599 
917600 
917601 
917602 
917603 
917604 
917605 
917606 
917607 
917608 
917609 
917610 
917611 
917612 
917613 
917614 
917615 
917616 
917617 
917618 
917619 
917620 
917621 
917622 
917623 
917624 
917625 
917626 
917627 
917628 
917629 
917630 
917631 
917632 
917633 
917634 
917635 
917636 
917637 
917638 
917639 
917640 
917641 
917642 
917643 
917644 
917645 
917646 
917647 
917648 
917649 
917650 
917651 
917652 
917653 
917654 
917655 
917656 
917657 
917658 
917659 
917660 
917661 
917662 
917663 
917664 
917665 
917666 
917667 
917668 
917669 
917670 
917671 
917672 
917673 
917674 
917675 
917676 
917677 
917678 
917679 
917680 
917681 
917682 
917683 
917684 
917685 
917686 
917687 
917688 
917689 
917690 
917691 
917692 
917693 
917694 
917695 
917696 
917697 
917698 
917699 
917700 
917701 
917702 
917703 
917704 
917705 
917706 
917707 
917708 
917709 
917710 
917711 
917712 
917713 
917714 
917715 
917716 
917717 
917718 
917719 
917720 
917721 
917722 
917723 
917724 
917725 
917726 
917727 
917728 
917729 
917730 
917731 
917732 
917733 
917734 
917735 
917736 
917737 
917738 
917739 
917740 
917741 
917742 
917743 
917744 
917745 
917746 
917747 
917748 
917749 
917750 
917751 
917752 
917753 
917754 
917755 
917756 
917757 
917758 
917759 
917760 
917761 
917762 
917763 
917764 
917765 
917766 
917767 
917768 
917769 
917770 
917771 
917772 
917773 
917774 
917775 
917776 
917777 
917778 
917779 
917780 
917781 
917782 
917783 
917784 
917785 
917786 
917787 
917788 
917789 
917790 
917791 
917792 
917793 
917794 
917795 
917796 
917797 
917798 
917799 
917800 
917801 
917802 
917803 
917804 
917805 
917806 
917807 
917808 
917809 
917810 
917811 
917812 
917813 
917814 
917815 
917816 
917817 
917818 
917819 
917820 
917821 
917822 
917823 
917824 
917825 
917826 
917827 
917828 
917829 
917830 
917831 
917832 
917833 
917834 
917835 
917836 
917837 
917838 
917839 
917840 
917841 
917842 
917843 
917844 
917845 
917846 
917847 
917848 
917849 
917850 
917851 
917852 
917853 
917854 
917855 
917856 
917857 
917858 
917859 
917860 
917861 
917862 
917863 
917864 
917865 
917866 
917867 
917868 
917869 
917870 
917871 
917872 
917873 
917874 
917875 
917876 
917877 
917878 
917879 
917880 
917881 
917882 
917883 
917884 
917885 
917886 
917887 
917888 
917889 
917890 
917891 
917892 
917893 
917894 
917895 
917896 
917897 
917898 
917899 
917900 
917901 
917902 
917903 
917904 
917905 
917906 
917907 
917908 
917909 
917910 
917911 
917912 
917913 
917914 
917915 
917916 
917917 
917918 
917919 
917920 
917921 
917922 
917923 
917924 
917925 
917926 
917927 
917928 
917929 
917930 
917931 
917932 
917933 
917934 
917935 
917936 
917937 
917938 
917939 
917940 
917941 
917942 
917943 
917944 
917945 
917946 
917947 
917948 
917949 
917950 
917951 
917952 
917953 
917954 
917955 
917956 
917957 
917958 
917959 
917960 
917961 
917962 
917963 
917964 
917965 
917966 
917967 
917968 
917969 
917970 
917971 
917972 
917973 
917974 
917975 
917976 
917977 
917978 
917979 
917980 
917981 
917982 
917983 
917984 
917985 
917986 
917987 
917988 
917989 
917990 
917991 
917992 
917993 
917994 
917995 
917996 
917997 
917998 
917999 
918000 
918001 
918002 
918003 
918004 
918005 
918006 
918007 
918008 
918009 
918010 
918011 
918012 
918013 
918014 
918015 
918016 
918017 
918018 
918019 
918020 
918021 
918022 
918023 
918024 
918025 
918026 
918027 
918028 
918029 
918030 
918031 
918032 
918033 
918034 
918035 
918036 
918037 
918038 
918039 
918040 
918041 
918042 
918043 
918044 
918045 
918046 
918047 
918048 
918049 
918050 
918051 
918052 
918053 
918054 
918055 
918056 
918057 
918058 
918059 
918060 
918061 
918062 
918063 
918064 
918065 
918066 
918067 
918068 
918069 
918070 
918071 
918072 
918073 
918074 
918075 
918076 
918077 
918078 
918079 
918080 
918081 
918082 
918083 
918084 
918085 
918086 
918087 
918088 
918089 
918090 
918091 
918092 
918093 
918094 
918095 
918096 
918097 
918098 
918099 
918100 
918101 
918102 
918103 
918104 
918105 
918106 
918107 
918108 
918109 
918110 
918111 
918112 
918113 
918114 
918115 
918116 
918117 
918118 
918119 
918120 
918121 
918122 
918123 
918124 
918125 
918126 
918127 
918128 
918129 
918130 
918131 
918132 
918133 
918134 
918135 
918136 
918137 
918138 
918139 
918140 
918141 
918142 
918143 
918144 
918145 
918146 
918147 
918148 
918149 
918150 
918151 
918152 
918153 
918154 
918155 
918156 
918157 
918158 
918159 
918160 
918161 
918162 
918163 
918164 
918165 
918166 
918167 
918168 
918169 
918170 
918171 
918172 
918173 
918174 
918175 
918176 
918177 
918178 
918179 
918180 
918181 
918182 
918183 
918184 
918185 
918186 
918187 
918188 
918189 
918190 
918191 
918192 
918193 
918194 
918195 
918196 
918197 
918198 
918199 
918200 
918201 
918202 
918203 
918204 
918205 
918206 
918207 
918208 
918209 
918210 
918211 
918212 
918213 
918214 
918215 
918216 
918217 
918218 
918219 
918220 
918221 
918222 
918223 
918224 
918225 
918226 
918227 
918228 
918229 
918230 
918231 
918232 
918233 
918234 
918235 
918236 
918237 
918238 
918239 
918240 
918241 
918242 
918243 
918244 
918245 
918246 
918247 
918248 
918249 
918250 
918251 
918252 
918253 
918254 
918255 
918256 
918257 
918258 
918259 
918260 
918261 
918262 
918263 
918264 
918265 
918266 
918267 
918268 
918269 
918270 
918271 
918272 
918273 
918274 
918275 
918276 
918277 
918278 
918279 
918280 
918281 
918282 
918283 
918284 
918285 
918286 
918287 
918288 
918289 
918290 
918291 
918292 
918293 
918294 
918295 
918296 
918297 
918298 
918299 
918300 
918301 
918302 
918303 
918304 
918305 
918306 
918307 
918308 
918309 
918310 
918311 
918312 
918313 
918314 
918315 
918316 
918317 
918318 
918319 
918320 
918321 
918322 
918323 
918324 
918325 
918326 
918327 
918328 
918329 
918330 
918331 
918332 
918333 
918334 
918335 
918336 
918337 
918338 
918339 
918340 
918341 
918342 
918343 
918344 
918345 
918346 
918347 
918348 
918349 
918350 
918351 
918352 
918353 
918354 
918355 
918356 
918357 
918358 
918359 
918360 
918361 
918362 
918363 
918364 
918365 
918366 
918367 
918368 
918369 
918370 
918371 
918372 
918373 
918374 
918375 
918376 
918377 
918378 
918379 
918380 
918381 
918382 
918383 
918384 
918385 
918386 
918387 
918388 
918389 
918390 
918391 
918392 
918393 
918394 
918395 
918396 
918397 
918398 
918399 
918400 
918401 
918402 
918403 
918404 
918405 
918406 
918407 
918408 
918409 
918410 
918411 
918412 
918413 
918414 
918415 
918416 
918417 
918418 
918419 
918420 
918421 
918422 
918423 
918424 
918425 
918426 
918427 
918428 
918429 
918430 
918431 
918432 
918433 
918434 
918435 
918436 
918437 
918438 
918439 
918440 
918441 
918442 
918443 
918444 
918445 
918446 
918447 
918448 
918449 
918450 
918451 
918452 
918453 
918454 
918455 
918456 
918457 
918458 
918459 
918460 
918461 
918462 
918463 
918464 
918465 
918466 
918467 
918468 
918469 
918470 
918471 
918472 
918473 
918474 
918475 
918476 
918477 
918478 
918479 
918480 
918481 
918482 
918483 
918484 
918485 
918486 
918487 
918488 
918489 
918490 
918491 
918492 
918493 
918494 
918495 
918496 
918497 
918498 
918499 
918500 
918501 
918502 
918503 
918504 
918505 
918506 
918507 
918508 
918509 
918510 
918511 
918512 
918513 
918514 
918515 
918516 
918517 
918518 
918519 
918520 
918521 
918522 
918523 
918524 
918525 
918526 
918527 
918528 
918529 
918530 
918531 
918532 
918533 
918534 
918535 
918536 
918537 
918538 
918539 
918540 
918541 
918542 
918543 
918544 
918545 
918546 
918547 
918548 
918549 
918550 
918551 
918552 
918553 
918554 
918555 
918556 
918557 
918558 
918559 
918560 
918561 
918562 
918563 
918564 
918565 
918566 
918567 
918568 
918569 
918570 
918571 
918572 
918573 
918574 
918575 
918576 
918577 
918578 
918579 
918580 
918581 
918582 
918583 
918584 
918585 
918586 
918587 
918588 
918589 
918590 
918591 
918592 
918593 
918594 
918595 
918596 
918597 
918598 
918599 
918600 
918601 
918602 
918603 
918604 
918605 
918606 
918607 
918608 
918609 
918610 
918611 
918612 
918613 
918614 
918615 
918616 
918617 
918618 
918619 
918620 
918621 
918622 
918623 
918624 
918625 
918626 
918627 
918628 
918629 
918630 
918631 
918632 
918633 
918634 
918635 
918636 
918637 
918638 
918639 
918640 
918641 
918642 
918643 
918644 
918645 
918646 
918647 
918648 
918649 
918650 
918651 
918652 
918653 
918654 
918655 
918656 
918657 
918658 
918659 
918660 
918661 
918662 
918663 
918664 
918665 
918666 
918667 
918668 
918669 
918670 
918671 
918672 
918673 
918674 
918675 
918676 
918677 
918678 
918679 
918680 
918681 
918682 
918683 
918684 
918685 
918686 
918687 
918688 
918689 
918690 
918691 
918692 
918693 
918694 
918695 
918696 
918697 
918698 
918699 
918700 
918701 
918702 
918703 
918704 
918705 
918706 
918707 
918708 
918709 
918710 
918711 
918712 
918713 
918714 
918715 
918716 
918717 
918718 
918719 
918720 
918721 
918722 
918723 
918724 
918725 
918726 
918727 
918728 
918729 
918730 
918731 
918732 
918733 
918734 
918735 
918736 
918737 
918738 
918739 
918740 
918741 
918742 
918743 
918744 
918745 
918746 
918747 
918748 
918749 
918750 
918751 
918752 
918753 
918754 
918755 
918756 
918757 
918758 
918759 
918760 
918761 
918762 
918763 
918764 
918765 
918766 
918767 
918768 
918769 
918770 
918771 
918772 
918773 
918774 
918775 
918776 
918777 
918778 
918779 
918780 
918781 
918782 
918783 
918784 
918785 
918786 
918787 
918788 
918789 
918790 
918791 
918792 
918793 
918794 
918795 
918796 
918797 
918798 
918799 
918800 
918801 
918802 
918803 
918804 
918805 
918806 
918807 
918808 
918809 
918810 
918811 
918812 
918813 
918814 
918815 
918816 
918817 
918818 
918819 
918820 
918821 
918822 
918823 
918824 
918825 
918826 
918827 
918828 
918829 
918830 
918831 
918832 
918833 
918834 
918835 
918836 
918837 
918838 
918839 
918840 
918841 
918842 
918843 
918844 
918845 
918846 
918847 
918848 
918849 
918850 
918851 
918852 
918853 
918854 
918855 
918856 
918857 
918858 
918859 
918860 
918861 
918862 
918863 
918864 
918865 
918866 
918867 
918868 
918869 
918870 
918871 
918872 
918873 
918874 
918875 
918876 
918877 
918878 
918879 
918880 
918881 
918882 
918883 
918884 
918885 
918886 
918887 
918888 
918889 
918890 
918891 
918892 
918893 
918894 
918895 
918896 
918897 
918898 
918899 
918900 
918901 
918902 
918903 
918904 
918905 
918906 
918907 
918908 
918909 
918910 
918911 
918912 
918913 
918914 
918915 
918916 
918917 
918918 
918919 
918920 
918921 
918922 
918923 
918924 
918925 
918926 
918927 
918928 
918929 
918930 
918931 
918932 
918933 
918934 
918935 
918936 
918937 
918938 
918939 
918940 
918941 
918942 
918943 
918944 
918945 
918946 
918947 
918948 
918949 
918950 
918951 
918952 
918953 
918954 
918955 
918956 
918957 
918958 
918959 
918960 
918961 
918962 
918963 
918964 
918965 
918966 
918967 
918968 
918969 
918970 
918971 
918972 
918973 
918974 
918975 
918976 
918977 
918978 
918979 
918980 
918981 
918982 
918983 
918984 
918985 
918986 
918987 
918988 
918989 
918990 
918991 
918992 
918993 
918994 
918995 
918996 
918997 
918998 
918999 
919000 
919001 
919002 
919003 
919004 
919005 
919006 
919007 
919008 
919009 
919010 
919011 
919012 
919013 
919014 
919015 
919016 
919017 
919018 
919019 
919020 
919021 
919022 
919023 
919024 
919025 
919026 
919027 
919028 
919029 
919030 
919031 
919032 
919033 
919034 
919035 
919036 
919037 
919038 
919039 
919040 
919041 
919042 
919043 
919044 
919045 
919046 
919047 
919048 
919049 
919050 
919051 
919052 
919053 
919054 
919055 
919056 
919057 
919058 
919059 
919060 
919061 
919062 
919063 
919064 
919065 
919066 
919067 
919068 
919069 
919070 
919071 
919072 
919073 
919074 
919075 
919076 
919077 
919078 
919079 
919080 
919081 
919082 
919083 
919084 
919085 
919086 
919087 
919088 
919089 
919090 
919091 
919092 
919093 
919094 
919095 
919096 
919097 
919098 
919099 
919100 
919101 
919102 
919103 
919104 
919105 
919106 
919107 
919108 
919109 
919110 
919111 
919112 
919113 
919114 
919115 
919116 
919117 
919118 
919119 
919120 
919121 
919122 
919123 
919124 
919125 
919126 
919127 
919128 
919129 
919130 
919131 
919132 
919133 
919134 
919135 
919136 
919137 
919138 
919139 
919140 
919141 
919142 
919143 
919144 
919145 
919146 
919147 
919148 
919149 
919150 
919151 
919152 
919153 
919154 
919155 
919156 
919157 
919158 
919159 
919160 
919161 
919162 
919163 
919164 
919165 
919166 
919167 
919168 
919169 
919170 
919171 
919172 
919173 
919174 
919175 
919176 
919177 
919178 
919179 
919180 
919181 
919182 
919183 
919184 
919185 
919186 
919187 
919188 
919189 
919190 
919191 
919192 
919193 
919194 
919195 
919196 
919197 
919198 
919199 
919200 
919201 
919202 
919203 
919204 
919205 
919206 
919207 
919208 
919209 
919210 
919211 
919212 
919213 
919214 
919215 
919216 
919217 
919218 
919219 
919220 
919221 
919222 
919223 
919224 
919225 
919226 
919227 
919228 
919229 
919230 
919231 
919232 
919233 
919234 
919235 
919236 
919237 
919238 
919239 
919240 
919241 
919242 
919243 
919244 
919245 
919246 
919247 
919248 
919249 
919250 
919251 
919252 
919253 
919254 
919255 
919256 
919257 
919258 
919259 
919260 
919261 
919262 
919263 
919264 
919265 
919266 
919267 
919268 
919269 
919270 
919271 
919272 
919273 
919274 
919275 
919276 
919277 
919278 
919279 
919280 
919281 
919282 
919283 
919284 
919285 
919286 
919287 
919288 
919289 
919290 
919291 
919292 
919293 
919294 
919295 
919296 
919297 
919298 
919299 
919300 
919301 
919302 
919303 
919304 
919305 
919306 
919307 
919308 
919309 
919310 
919311 
919312 
919313 
919314 
919315 
919316 
919317 
919318 
919319 
919320 
919321 
919322 
919323 
919324 
919325 
919326 
919327 
919328 
919329 
919330 
919331 
919332 
919333 
919334 
919335 
919336 
919337 
919338 
919339 
919340 
919341 
919342 
919343 
919344 
919345 
919346 
919347 
919348 
919349 
919350 
919351 
919352 
919353 
919354 
919355 
919356 
919357 
919358 
919359 
919360 
919361 
919362 
919363 
919364 
919365 
919366 
919367 
919368 
919369 
919370 
919371 
919372 
919373 
919374 
919375 
919376 
919377 
919378 
919379 
919380 
919381 
919382 
919383 
919384 
919385 
919386 
919387 
919388 
919389 
919390 
919391 
919392 
919393 
919394 
919395 
919396 
919397 
919398 
919399 
919400 
919401 
919402 
919403 
919404 
919405 
919406 
919407 
919408 
919409 
919410 
919411 
919412 
919413 
919414 
919415 
919416 
919417 
919418 
919419 
919420 
919421 
919422 
919423 
919424 
919425 
919426 
919427 
919428 
919429 
919430 
919431 
919432 
919433 
919434 
919435 
919436 
919437 
919438 
919439 
919440 
919441 
919442 
919443 
919444 
919445 
919446 
919447 
919448 
919449 
919450 
919451 
919452 
919453 
919454 
919455 
919456 
919457 
919458 
919459 
919460 
919461 
919462 
919463 
919464 
919465 
919466 
919467 
919468 
919469 
919470 
919471 
919472 
919473 
919474 
919475 
919476 
919477 
919478 
919479 
919480 
919481 
919482 
919483 
919484 
919485 
919486 
919487 
919488 
919489 
919490 
919491 
919492 
919493 
919494 
919495 
919496 
919497 
919498 
919499 
919500 
919501 
919502 
919503 
919504 
919505 
919506 
919507 
919508 
919509 
919510 
919511 
919512 
919513 
919514 
919515 
919516 
919517 
919518 
919519 
919520 
919521 
919522 
919523 
919524 
919525 
919526 
919527 
919528 
919529 
919530 
919531 
919532 
919533 
919534 
919535 
919536 
919537 
919538 
919539 
919540 
919541 
919542 
919543 
919544 
919545 
919546 
919547 
919548 
919549 
919550 
919551 
919552 
919553 
919554 
919555 
919556 
919557 
919558 
919559 
919560 
919561 
919562 
919563 
919564 
919565 
919566 
919567 
919568 
919569 
919570 
919571 
919572 
919573 
919574 
919575 
919576 
919577 
919578 
919579 
919580 
919581 
919582 
919583 
919584 
919585 
919586 
919587 
919588 
919589 
919590 
919591 
919592 
919593 
919594 
919595 
919596 
919597 
919598 
919599 
919600 
919601 
919602 
919603 
919604 
919605 
919606 
919607 
919608 
919609 
919610 
919611 
919612 
919613 
919614 
919615 
919616 
919617 
919618 
919619 
919620 
919621 
919622 
919623 
919624 
919625 
919626 
919627 
919628 
919629 
919630 
919631 
919632 
919633 
919634 
919635 
919636 
919637 
919638 
919639 
919640 
919641 
919642 
919643 
919644 
919645 
919646 
919647 
919648 
919649 
919650 
919651 
919652 
919653 
919654 
919655 
919656 
919657 
919658 
919659 
919660 
919661 
919662 
919663 
919664 
919665 
919666 
919667 
919668 
919669 
919670 
919671 
919672 
919673 
919674 
919675 
919676 
919677 
919678 
919679 
919680 
919681 
919682 
919683 
919684 
919685 
919686 
919687 
919688 
919689 
919690 
919691 
919692 
919693 
919694 
919695 
919696 
919697 
919698 
919699 
919700 
919701 
919702 
919703 
919704 
919705 
919706 
919707 
919708 
919709 
919710 
919711 
919712 
919713 
919714 
919715 
919716 
919717 
919718 
919719 
919720 
919721 
919722 
919723 
919724 
919725 
919726 
919727 
919728 
919729 
919730 
919731 
919732 
919733 
919734 
919735 
919736 
919737 
919738 
919739 
919740 
919741 
919742 
919743 
919744 
919745 
919746 
919747 
919748 
919749 
919750 
919751 
919752 
919753 
919754 
919755 
919756 
919757 
919758 
919759 
919760 
919761 
919762 
919763 
919764 
919765 
919766 
919767 
919768 
919769 
919770 
919771 
919772 
919773 
919774 
919775 
919776 
919777 
919778 
919779 
919780 
919781 
919782 
919783 
919784 
919785 
919786 
919787 
919788 
919789 
919790 
919791 
919792 
919793 
919794 
919795 
919796 
919797 
919798 
919799 
919800 
919801 
919802 
919803 
919804 
919805 
919806 
919807 
919808 
919809 
919810 
919811 
919812 
919813 
919814 
919815 
919816 
919817 
919818 
919819 
919820 
919821 
919822 
919823 
919824 
919825 
919826 
919827 
919828 
919829 
919830 
919831 
919832 
919833 
919834 
919835 
919836 
919837 
919838 
919839 
919840 
919841 
919842 
919843 
919844 
919845 
919846 
919847 
919848 
919849 
919850 
919851 
919852 
919853 
919854 
919855 
919856 
919857 
919858 
919859 
919860 
919861 
919862 
919863 
919864 
919865 
919866 
919867 
919868 
919869 
919870 
919871 
919872 
919873 
919874 
919875 
919876 
919877 
919878 
919879 
919880 
919881 
919882 
919883 
919884 
919885 
919886 
919887 
919888 
919889 
919890 
919891 
919892 
919893 
919894 
919895 
919896 
919897 
919898 
919899 
919900 
919901 
919902 
919903 
919904 
919905 
919906 
919907 
919908 
919909 
919910 
919911 
919912 
919913 
919914 
919915 
919916 
919917 
919918 
919919 
919920 
919921 
919922 
919923 
919924 
919925 
919926 
919927 
919928 
919929 
919930 
919931 
919932 
919933 
919934 
919935 
919936 
919937 
919938 
919939 
919940 
919941 
919942 
919943 
919944 
919945 
919946 
919947 
919948 
919949 
919950 
919951 
919952 
919953 
919954 
919955 
919956 
919957 
919958 
919959 
919960 
919961 
919962 
919963 
919964 
919965 
919966 
919967 
919968 
919969 
919970 
919971 
919972 
919973 
919974 
919975 
919976 
919977 
919978 
919979 
919980 
919981 
919982 
919983 
919984 
919985 
919986 
919987 
919988 
919989 
919990 
919991 
919992 
919993 
919994 
919995 
919996 
919997 
919998 
919999 
920000 
920001 
920002 
920003 
920004 
920005 
920006 
920007 
920008 
920009 
920010 
920011 
920012 
920013 
920014 
920015 
920016 
920017 
920018 
920019 
920020 
920021 
920022 
920023 
920024 
920025 
920026 
920027 
920028 
920029 
920030 
920031 
920032 
920033 
920034 
920035 
920036 
920037 
920038 
920039 
920040 
920041 
920042 
920043 
920044 
920045 
920046 
920047 
920048 
920049 
920050 
920051 
920052 
920053 
920054 
920055 
920056 
920057 
920058 
920059 
920060 
920061 
920062 
920063 
920064 
920065 
920066 
920067 
920068 
920069 
920070 
920071 
920072 
920073 
920074 
920075 
920076 
920077 
920078 
920079 
920080 
920081 
920082 
920083 
920084 
920085 
920086 
920087 
920088 
920089 
920090 
920091 
920092 
920093 
920094 
920095 
920096 
920097 
920098 
920099 
920100 
920101 
920102 
920103 
920104 
920105 
920106 
920107 
920108 
920109 
920110 
920111 
920112 
920113 
920114 
920115 
920116 
920117 
920118 
920119 
920120 
920121 
920122 
920123 
920124 
920125 
920126 
920127 
920128 
920129 
920130 
920131 
920132 
920133 
920134 
920135 
920136 
920137 
920138 
920139 
920140 
920141 
920142 
920143 
920144 
920145 
920146 
920147 
920148 
920149 
920150 
920151 
920152 
920153 
920154 
920155 
920156 
920157 
920158 
920159 
920160 
920161 
920162 
920163 
920164 
920165 
920166 
920167 
920168 
920169 
920170 
920171 
920172 
920173 
920174 
920175 
920176 
920177 
913566 
913567 
913568 
913569 
913570 
913571 
913572 
913573 
913574 
913575 
913576 
913577 
913578 
913579 
913580 
913581 
913582 
913583 
913584 
913585 
913586 
913587 
913588 
913589 
913590 
913591 
913592 
913593 
913594 
913595 
913596 
913597 
913598 
913599 
913600 
913601 
913602 
913603 
913604 
913605 
913606 
913607 
913608 
913609 
913610 
913611 
913612 
913613 
913614 
913615 
913616 
913617 
913618 
913619 
913620 
913621 
913622 
913623 
913624 
913625 
913626 
913627 
913628 
913629 
913630 
913631 
913632 
913633 
913634 
913635 
913636 
913637 
913638 
913639 
913640 
913641 
913642 
913643 
913644 
913645 
913646 
913647 
913648 
913649 
913650 
913651 
913652 
913653 
913654 
913655 
913656 
913657 
913658 
913659 
913660 
913661 
913662 
913663 
913664 
913665 
913666 
913667 
913668 
913669 
913670 
913671 
913672 
913673 
913674 
913675 
913676 
913677 
913678 
913679 
913680 
913681 
913682 
913683 
913684 
913685 
913686 
913687 
913688 
913689 
913690 
913691 
913692 
913693 
913694 
913695 
913696 
913697 
913698 
913699 
913700 
913701 
913702 
913703 
913704 
913705 
913706 
913707 
913708 
913709 
913710 
913711 
913712 
913713 
913714 
913715 
913716 
913717 
913718 
913719 
913720 
913721 
913722 
913723 
913724 
913725 
913726 
913727 
913728 
913729 
913730 
913731 
913732 
913733 
913734 
913735 
913736 
913737 
913738 
913739 
913740 
913741 
913742 
913743 
913744 
913745 
913746 
913747 
913748 
913749 
913750 
913751 
913752 
913753 
913754 
913755 
913756 
913757 
913758 
913759 
913760 
913761 
913762 
913763 
913764 
913765 
913766 
913767 
913768 
913769 
913770 
913771 
913772 
913773 
913774 
913775 
913776 
913777 
913778 
913779 
913780 
913781 
913782 
913783 
913784 
913785 
913786 
913787 
913788 
913789 
913790 
913791 
913792 
913793 
913794 
913795 
913796 
913797 
913798 
913799 
913800 
913801 
913802 
913803 
913804 
913805 
913806 
913807 
913808 
913809 
913810 
913811 
913812 
913813 
913814 
913815 
913816 
913817 
913818 
913819 
913820 
913821 
913822 
913823 
913824 
913825 
913826 
913827 
913828 
913829 
913830 
913831 
913832 
913833 
913834 
913835 
913836 
913837 
913838 
913839 
913840 
913841 
913842 
913843 
913844 
913845 
913846 
913847 
913848 
913849 
913850 
913851 
913852 
913853 
913854 
913855 
913856 
913857 
913858 
913859 
913860 
913861 
913862 
913863 
913864 
913865 
913866 
913867 
913868 
913869 
913870 
913871 
913872 
913873 
913874 
913875 
913876 
913877 
913878 
913879 
913880 
913881 
913882 
913883 
913884 
913885 
913886 
913887 
913888 
913889 
913890 
913891 
913892 
913893 
913894 
913895 
913896 
913897 
913898 
913899 
913900 
913901 
913902 
913903 
913904 
913905 
913906 
913907 
913908 
913909 
913910 
913911 
913912 
913913 
913914 
913915 
913916 
913917 
913918 
913919 
913920 
913921 
913922 
913923 
913924 
913925 
913926 
913927 
913928 
913929 
913930 
913931 
913932 
913933 
913934 
913935 
913936 
913937 
913938 
913939 
913940 
913941 
913942 
913943 
913944 
913945 
913946 
913947 
913948 
913949 
913950 
913951 
913952 
913953 
913954 
913955 
913956 
913957 
913958 
913959 
913960 
913961 
913962 
913963 
913964 
913965 
913966 
913967 
913968 
913969 
913970 
913971 
913972 
913973 
913974 
913975 
913976 
913977 
913978 
913979 
913980 
913981 
913982 
913983 
913984 
913985 
913986 
913987 
913988 
913989 
913990 
913991 
913992 
913993 
913994 
913995 
913996 
913997 
913998 
913999 
914000 
914001 
914002 
914003 
914004 
914005 
914006 
914007 
914008 
914009 
914010 
914011 
914012 
914013 
914014 
914015 
914016 
914017 
914018 
914019 
914020 
914021 
914022 
914023 
914024 
914025 
914026 
914027 
914028 
914029 
914030 
914031 
914032 
914033 
914034 
914035 
914036 
914037 
914038 
914039 
914040 
914041 
914042 
914043 
914044 
914045 
914046 
914047 
914048 
914049 
914050 
914051 
914052 
914053 
914054 
914055 
914056 
914057 
914058 
914059 
914060 
914061 
914062 
914063 
914064 
914065 
914066 
914067 
914068 
914069 
914070 
914071 
914072 
914073 
914074 
914075 
914076 
914077 
914078 
914079 
914080 
914081 
914082 
914083 
914084 
914085 
914086 
914087 
914088 
914089 
914090 
914091 
914092 
914093 
914094 
914095 
914096 
914097 
914098 
914099 
914100 
914101 
914102 
914103 
914104 
914105 
914106 
914107 
914108 
914109 
914110 
914111 
914112 
914113 
914114 
914115 
914116 
914117 
914118 
914119 
914120 
914121 
914122 
914123 
914124 
914125 
914126 
914127 
914128 
914129 
914130 
914131 
914132 
914133 
914134 
914135 
914136 
914137 
914138 
914139 
914140 
914141 
914142 
914143 
914144 
914145 
914146 
914147 
914148 
914149 
914150 
914151 
914152 
914153 
914154 
914155 
914156 
914157 
914158 
914159 
914160 
914161 
914162 
914163 
914164 
914165 
914166 
914167 
914168 
914169 
914170 
914171 
914172 
914173 
914174 
914175 
914176 
914177 
914178 
914179 
914180 
914181 
914182 
914183 
914184 
914185 
914186 
914187 
914188 
914189 
914190 
914191 
914192 
914193 
914194 
914195 
914196 
914197 
914198 
914199 
914200 
914201 
914202 
914203 
914204 
914205 
914206 
914207 
914208 
914209 
914210 
914211 
914212 
914213 
914214 
914215 
914216 
914217 
914218 
914219 
914220 
914221 
914222 
914223 
914224 
914225 
914226 
914227 
914228 
914229 
914230 
914231 
914232 
914233 
914234 
914235 
914236 
914237 
914238 
914239 
914240 
914241 
914242 
914243 
914244 
914245 
914246 
914247 
914248 
914249 
914250 
914251 
914252 
914253 
914254 
914255 
914256 
914257 
914258 
914259 
914260 
914261 
914262 
914263 
914264 
914265 
914266 
914267 
914268 
914269 
914270 
914271 
914272 
914273 
914274 
914275 
914276 
914277 
914278 
914279 
914280 
914281 
914282 
914283 
914284 
914285 
914286 
914287 
914288 
914289 
914290 
914291 
914292 
914293 
914294 
914295 
914296 
914297 
914298 
914299 
914300 
914301 
914302 
914303 
914304 
914305 
914306 
914307 
914308 
914309 
914310 
914311 
914312 
914313 
914314 
914315 
914316 
914317 
914318 
914319 
914320 
914321 
914322 
914323 
914324 
914325 
914326 
914327 
914328 
914329 
914330 
914331 
914332 
914333 
914334 
914335 
914336 
914337 
914338 
914339 
914340 
914341 
914342 
914343 
914344 
914345 
914346 
914347 
914348 
914349 
914350 
914351 
914352 
914353 
914354 
914355 
914356 
914357 
914358 
914359 
914360 
914361 
914362 
914363 
914364 
914365 
914366 
914367 
914368 
914369 
914370 
914371 
914372 
914373 
914374 
914375 
914376 
914377 
914378 
914379 
914380 
914381 
914382 
914383 
914384 
914385 
914386 
914387 
914388 
914389 
914390 
914391 
914392 
914393 
914394 
914395 
914396 
914397 
914398 
914399 
914400 
914401 
914402 
914403 
914404 
914405 
914406 
914407 
914408 
914409 
914410 
914411 
914412 
914413 
914414 
914415 
914416 
914417 
914418 
914419 
914420 
914421 
914422 
914423 
914424 
914425 
914426 
914427 
914428 
914429 
914430 
914431 
914432 
914433 
914434 
914435 
914436 
914437 
914438 
914439 
914440 
914441 
914442 
914443 
914444 
914445 
914446 
914447 
914448 
914449 
914450 
914451 
914452 
914453 
914454 
914455 
914456 
914457 
914458 
914459 
914460 
914461 
914462 
914463 
914464 
914465 
914466 
914467 
914468 
914469 
914470 
914471 
914472 
914473 
914474 
914475 
914476 
914477 
914478 
914479 
914480 
914481 
914482 
914483 
914484 
914485 
914486 
914487 
914488 
914489 
914490 
914491 
914492 
914493 
914494 
914495 
914496 
914497 
914498 
914499 
914500 
914501 
914502 
914503 
914504 
914505 
914506 
914507 
914508 
914509 
914510 
914511 
914512 
914513 
914514 
914515 
914516 
914517 
914518 
914519 
914520 
914521 
914522 
914523 
914524 
914525 
914526 
914527 
914528 
914529 
914530 
914531 
914532 
914533 
914534 
914535 
914536 
914537 
914538 
914539 
914540 
914541 
914542 
914543 
914544 
914545 
914546 
914547 
914548 
914549 
914550 
914551 
914552 
914553 
914554 
914555 
914556 
914557 
914558 
914559 
914560 
914561 
914562 
914563 
914564 
914565 
914566 
914567 
914568 
914569 
914570 
914571 
914572 
914573 
914574 
914575 
914576 
914577 
914578 
914579 
914580 
914581 
914582 
914583 
914584 
914585 
914586 
914587 
914588 
914589 
914590 
914591 
914592 
914593 
914594 
914595 
914596 
914597 
914598 
914599 
914600 
914601 
914602 
914603 
914604 
914605 
914606 
914607 
914608 
914609 
914610 
914611 
914612 
914613 
914614 
914615 
914616 
914617 
914618 
914619 
914620 
914621 
914622 
914623 
914624 
914625 
914626 
914627 
914628 
914629 
914630 
914631 
914632 
914633 
914634 
914635 
914636 
914637 
914638 
914639 
914640 
914641 
914642 
914643 
914644 
914645 
914646 
914647 
914648 
914649 
914650 
914651 
914652 
914653 
914654 
914655 
914656 
914657 
914658 
914659 
914660 
914661 
914662 
914663 
914664 
914665 
914666 
914667 
914668 
914669 
914670 
914671 
914672 
914673 
914674 
914675 
914676 
914677 
914678 
914679 
914680 
914681 
914682 
914683 
914684 
914685 
914686 
914687 
914688 
914689 
914690 
914691 
914692 
914693 
914694 
914695 
914696 
914697 
914698 
914699 
914700 
914701 
914702 
914703 
914704 
914705 
914706 
914707 
914708 
914709 
914710 
914711 
914712 
914713 
914714 
914715 
914716 
914717 
914718 
914719 
914720 
914721 
914722 
914723 
914724 
914725 
914726 
914727 
914728 
914729 
914730 
914731 
914732 
914733 
914734 
914735 
914736 
914737 
914738 
914739 
914740 
914741 
914742 
914743 
914744 
914745 
914746 
914747 
914748 
914749 
914750 
914751 
914752 
914753 
914754 
914755 
914756 
914757 
914758 
914759 
914760 
914761 
914762 
914763 
914764 
914765 
914766 
914767 
914768 
914769 
914770 
914771 
914772 
914773 
914774 
914775 
914776 
914777 
914778 
914779 
914780 
914781 
914782 
914783 
914784 
914785 
914786 
914787 
914788 
914789 
914790 
914791 
914792 
914793 
914794 
914795 
914796 
914797 
914798 
914799 
914800 
914801 
914802 
914803 
914804 
914805 
914806 
914807 
914808 
914809 
914810 
914811 
914812 
914813 
914814 
914815 
914816 
914817 
914818 
914819 
914820 
914821 
914822 
914823 
914824 
914825 
914826 
914827 
914828 
914829 
914830 
914831 
914832 
914833 
914834 
914835 
914836 
914837 
914838 
914839 
914840 
914841 
914842 
914843 
914844 
914845 
914846 
914847 
914848 
914849 
914850 
914851 
914852 
914853 
914854 
914855 
914856 
914857 
914858 
914859 
914860 
914861 
914862 
914863 
914864 
914865 
914866 
914867 
914868 
914869 
914870 
914871 
914872 
914873 
914874 
914875 
914876 
914877 
914878 
914879 
914880 
914881 
914882 
914883 
914884 
914885 
914886 
914887 
914888 
914889 
914890 
914891 
914892 
914893 
914894 
914895 
914896 
914897 
914898 
914899 
914900 
914901 
914902 
914903 
914904 
914905 
914906 
914907 
914908 
914909 
914910 
914911 
914912 
914913 
914914 
914915 
914916 
914917 
914918 
914919 
914920 
914921 
914922 
914923 
914924 
914925 
914926 
914927 
914928 
914929 
914930 
914931 
914932 
914933 
914934 
914935 
914936 
914937 
914938 
914939 
914940 
914941 
914942 
914943 
914944 
914945 
914946 
914947 
914948 
914949 
914950 
914951 
914952 
914953 
914954 
914955 
914956 
914957 
914958 
914959 
914960 
914961 
914962 
914963 
914964 
914965 
914966 
914967 
914968 
914969 
914970 
914971 
914972 
914973 
914974 
914975 
914976 
914977 
914978 
914979 
914980 
914981 
914982 
914983 
914984 
914985 
914986 
914987 
914988 
914989 
914990 
914991 
914992 
914993 
914994 
914995 
914996 
914997 
914998 
914999 
915000 
915001 
915002 
915003 
915004 
915005 
915006 
915007 
915008 
915009 
915010 
915011 
915012 
915013 
915014 
915015 
915016 
915017 
915018 
915019 
915020 
915021 
915022 
915023 
915024 
915025 
915026 
915027 
915028 
915029 
915030 
915031 
915032 
915033 
915034 
915035 
915036 
915037 
915038 
915039 
915040 
915041 
915042 
915043 
915044 
915045 
915046 
915047 
915048 
915049 
915050 
915051 
915052 
915053 
915054 
915055 
915056 
915057 
915058 
915059 
915060 
915061 
915062 
915063 
915064 
915065 
915066 
915067 
915068 
915069 
915070 
915071 
915072 
915073 
915074 
915075 
915076 
915077 
915078 
915079 
915080 
915081 
915082 
915083 
915084 
915085 
915086 
915087 
915088 
915089 
915090 
915091 
915092 
915093 
915094 
915095 
915096 
915097 
915098 
915099 
915100 
915101 
915102 
915103 
915104 
915105 
915106 
915107 
915108 
915109 
915110 
915111 
915112 
915113 
915114 
915115 
915116 
915117 
915118 
915119 
915120 
915121 
915122 
915123 
915124 
915125 
915126 
915127 
915128 
915129 
915130 
915131 
915132 
915133 
915134 
915135 
915136 
915137 
915138 
915139 
915140 
915141 
915142 
915143 
915144 
915145 
915146 
915147 
915148 
915149 
915150 
915151 
915152 
915153 
915154 
915155 
915156 
915157 
915158 
915159 
915160 
915161 
915162 
915163 
915164 
915165 
915166 
915167 
915168 
915169 
915170 
915171 
915172 
915173 
915174 
915175 
915176 
915177 
915178 
915179 
915180 
915181 
915182 
915183 
915184 
915185 
915186 
915187 
915188 
915189 
915190 
915191 
915192 
915193 
915194 
915195 
915196 
915197 
915198 
915199 
915200 
915201 
915202 
915203 
915204 
915205 
915206 
915207 
915208 
915209 
915210 
915211 
915212 
915213 
915214 
915215 
915216 
915217 
915218 
915219 
915220 
915221 
915222 
915223 
915224 
915225 
915226 
915227 
915228 
915229 
915230 
915231 
915232 
915233 
915234 
915235 
915236 
915237 
915238 
915239 
915240 
915241 
915242 
915243 
915244 
915245 
915246 
915247 
915248 
915249 
915250 
915251 
915252 
915253 
915254 
915255 
915256 
915257 
915258 
915259 
915260 
915261 
915262 
915263 
915264 
915265 
915266 
915267 
915268 
915269 
915270 
915271 
915272 
915273 
915274 
915275 
915276 
915277 
915278 
915279 
915280 
915281 
915282 
915283 
915284 
915285 
915286 
915287 
915288 
915289 
915290 
915291 
915292 
915293 
915294 
915295 
915296 
915297 
915298 
915299 
915300 
915301 
915302 
915303 
915304 
915305 
915306 
915307 
915308 
915309 
915310 
915311 
915312 
915313 
915314 
915315 
915316 
915317 
915318 
915319 
915320 
915321 
915322 
915323 
915324 
915325 
915326 
915327 
915328 
915329 
915330 
915331 
915332 
915333 
915334 
915335 
915336 
915337 
915338 
915339 
915340 
915341 
915342 
915343 
915344 
915345 
915346 
915347 
915348 
915349 
915350 
915351 
915352 
915353 
915354 
915355 
915356 
915357 
915358 
915359 
915360 
915361 
915362 
915363 
915364 
915365 
915366 
915367 
915368 
915369 
915370 
915371 
915372 
915373 
915374 
915375 
915376 
915377 
915378 
915379 
915380 
915381 
915382 
915383 
915384 
915385 
915386 
915387 
915388 
915389 
915390 
915391 
915392 
915393 
915394 
915395 
915396 
915397 
915398 
915399 
915400 
915401 
915402 
915403 
915404 
915405 
915406 
915407 
915408 
915409 
915410 
915411 
915412 
915413 
915414 
915415 
915416 
915417 
915418 
915419 
915420 
915421 
915422 
915423 
915424 
915425 
915426 
915427 
915428 
915429 
915430 
915431 
915432 
915433 
915434 
915435 
915436 
915437 
915438 
915439 
915440 
915441 
915442 
915443 
915444 
915445 
915446 
915447 
915448 
915449 
915450 
915451 
915452 
915453 
915454 
915455 
915456 
915457 
915458 
915459 
915460 
915461 
915462 
915463 
915464 
915465 
915466 
915467 
915468 
915469 
915470 
915471 
915472 
915473 
915474 
915475 
915476 
915477 
915478 
915479 
915480 
915481 
915482 
915483 
915484 
915485 
915486 
915487 
915488 
915489 
915490 
915491 
915492 
915493 
915494 
915495 
915496 
915497 
915498 
915499 
915500 
915501 
915502 
915503 
915504 
915505 
915506 
915507 
915508 
915509 
915510 
915511 
915512 
915513 
915514 
915515 
915516 
915517 
915518 
915519 
915520 
915521 
915522 
915523 
915524 
915525 
915526 
915527 
915528 
915529 
915530 
915531 
915532 
915533 
915534 
915535 
915536 
915537 
915538 
915539 
915540 
915541 
915542 
915543 
915544 
915545 
915546 
915547 
915548 
915549 
915550 
915551 
915552 
915553 
915554 
915555 
915556 
915557 
915558 
915559 
915560 
915561 
915562 
915563 
915564 
915565 
915566 
915567 
915568 
915569 
915570 
915571 
915572 
915573 
915574 
915575 
915576 
915577 
915578 
915579 
915580 
915581 
915582 
915583 
915584 
915585 
915586 
915587 
915588 
915589 
915590 
915591 
915592 
915593 
915594 
915595 
915596 
915597 
915598 
915599 
915600 
915601 
915602 
915603 
915604 
915605 
915606 
915607 
915608 
915609 
915610 
915611 
915612 
915613 
915614 
915615 
915616 
915617 
915618 
915619 
915620 
915621 
915622 
915623 
915624 
915625 
915626 
915627 
915628 
915629 
915630 
915631 
915632 
915633 
915634 
915635 
915636 
915637 
915638 
915639 
915640 
915641 
915642 
915643 
915644 
915645 
915646 
915647 
915648 
915649 
915650 
915651 
915652 
915653 
915654 
915655 
915656 
915657 
915658 
915659 
915660 
915661 
915662 
915663 
915664 
915665 
915666 
915667 
915668 
915669 
915670 
915671 
915672 
915673 
915674 
915675 
915676 
915677 
915678 
915679 
915680 
915681 
915682 
915683 
915684 
915685 
915686 
915687 
915688 
915689 
915690 
915691 
915692 
915693 
915694 
915695 
915696 
915697 
915698 
915699 
915700 
915701 
915702 
915703 
915704 
915705 
915706 
915707 
915708 
915709 
915710 
915711 
915712 
915713 
915714 
915715 
915716 
915717 
915718 
915719 
915720 
915721 
915722 
915723 
915724 
915725 
915726 
915727 
915728 
915729 
915730 
915731 
915732 
915733 
915734 
915735 
915736 
915737 
915738 
915739 
915740 
915741 
915742 
915743 
915744 
915745 
915746 
915747 
915748 
915749 
915750 
915751 
915752 
915753 
915754 
915755 
915756 
915757 
915758 
915759 
915760 
915761 
915762 
915763 
915764 
915765 
915766 
915767 
915768 
915769 
915770 
915771 
915772 
915773 
915774 
915775 
915776 
915777 
915778 
915779 
915780 
915781 
915782 
915783 
915784 
915785 
915786 
915787 
915788 
915789 
915790 
915791 
915792 
915793 
915794 
915795 
915796 
915797 
915798 
915799 
915800 
915801 
915802 
915803 
915804 
915805 
915806 
915807 
915808 
915809 
915810 
915811 
915812 
915813 
915814 
915815 
915816 
915817 
915818 
915819 
915820 
915821 
915822 
915823 
915824 
915825 
915826 
915827 
915828 
915829 
915830 
915831 
915832 
915833 
915834 
915835 
915836 
915837 
915838 
915839 
915840 
915841 
915842 
915843 
915844 
915845 
915846 
915847 
915848 
915849 
915850 
915851 
915852 
915853 
915854 
915855 
915856 
915857 
915858 
915859 
915860 
915861 
915862 
915863 
915864 
915865 
915866 
915867 
915868 
915869 
915870 
915871 
915872 
915873 
915874 
915875 
915876 
915877 
915878 
915879 
915880 
915881 
915882 
915883 
915884 
915885 
915886 
915887 
915888 
915889 
915890 
915891 
915892 
915893 
915894 
915895 
915896 
915897 
915898 
915899 
915900 
915901 
915902 
915903 
915904 
915905 
915906 
915907 
915908 
915909 
915910 
915911 
915912 
915913 
915914 
915915 
915916 
915917 
915918 
915919 
915920 
915921 
915922 
915923 
915924 
915925 
915926 
915927 
915928 
915929 
915930 
915931 
915932 
915933 
915934 
915935 
915936 
915937 
915938 
915939 
915940 
915941 
915942 
915943 
915944 
915945 
915946 
915947 
915948 
915949 
915950 
915951 
915952 
915953 
915954 
915955 
915956 
915957 
915958 
915959 
915960 
915961 
915962 
915963 
915964 
915965 
915966 
915967 
915968 
915969 
915970 
915971 
915972 
915973 
915974 
915975 
915976 
915977 
915978 
915979 
915980 
915981 
915982 
915983 
915984 
915985 
915986 
915987 
915988 
915989 
915990 
915991 
915992 
915993 
915994 
915995 
915996 
915997 
915998 
915999 
916000 
916001 
916002 
916003 
916004 
916005 
916006 
916007 
916008 
916009 
916010 
916011 
916012 
916013 
916014 
916015 
916016 
916017 
916018 
916019 
916020 
916021 
916022 
916023 
916024 
916025 
916026 
916027 
916028 
916029 
916030 
916031 
916032 
916033 
916034 
916035 
916036 
916037 
916038 
916039 
916040 
916041 
916042 
916043 
916044 
916045 
916046 
916047 
916048 
916049 
916050 
916051 
916052 
916053 
916054 
916055 
916056 
916057 
916058 
916059 
916060 
916061 
916062 
916063 
916064 
916065 
916066 
916067 
916068 
916069 
916070 
916071 
916072 
916073 
916074 
916075 
916076 
916077 
916078 
916079 
916080 
916081 
916082 
916083 
916084 
916085 
916086 
916087 
916088 
916089 
916090 
916091 
916092 
916093 
916094 
916095 
916096 
916097 
916098 
916099 
916100 
916101 
916102 
916103 
916104 
916105 
916106 
916107 
916108 
916109 
916110 
916111 
916112 
916113 
916114 
916115 
916116 
916117 
916118 
916119 
916120 
916121 
916122 
916123 
916124 
916125 
916126 
916127 
916128 
916129 
916130 
916131 
916132 
916133 
916134 
916135 
916136 
916137 
916138 
916139 
916140 
916141 
916142 
916143 
916144 
916145 
916146 
916147 
916148 
916149 
916150 
916151 
916152 
916153 
916154 
916155 
916156 
916157 
916158 
916159 
916160 
916161 
916162 
916163 
916164 
916165 
916166 
916167 
916168 
916169 
916170 
916171 
916172 
916173 
916174 
916175 
916176 
916177 
916178 
916179 
916180 
916181 
916182 
916183 
916184 
916185 
916186 
916187 
916188 
916189 
916190 
916191 
916192 
916193 
916194 
916195 
916196 
916197 
916198 
916199 
916200 
916201 
916202 
916203 
916204 
916205 
916206 
916207 
916208 
916209 
916210 
916211 
916212 
916213 
916214 
916215 
916216 
916217 
916218 
916219 
916220 
916221 
916222 
916223 
916224 
916225 
916226 
916227 
916228 
916229 
916230 
916231 
916232 
916233 
916234 
916235 
916236 
916237 
916238 
916239 
916240 
916241 
916242 
916243 
916244 
916245 
916246 
916247 
916248 
916249 
916250 
916251 
916252 
916253 
916254 
916255 
916256 
916257 
916258 
916259 
916260 
916261 
916262 
916263 
916264 
916265 
916266 
916267 
916268 
916269 
916270 
916271 
916272 
916273 
916274 
916275 
916276 
916277 
916278 
916279 
916280 
916281 
916282 
916283 
916284 
916285 
916286 
916287 
916288 
916289 
916290 
916291 
916292 
916293 
916294 
916295 
916296 
916297 
916298 
916299 
916300 
916301 
916302 
916303 
916304 
916305 
916306 
916307 
916308 
916309 
916310 
916311 
916312 
916313 
916314 
916315 
916316 
916317 
916318 
916319 
916320 
916321 
916322 
916323 
916324 
916325 
916326 
916327 
916328 
916329 
916330 
916331 
916332 
916333 
916334 
916335 
916336 
916337 
916338 
916339 
916340 
916341 
916342 
916343 
916344 
916345 
916346 
916347 
916348 
916349 
916350 
916351 
916352 
916353 
916354 
916355 
916356 
916357 
916358 
916359 
916360 
916361 
916362 
916363 
916364 
916365 
916366 
916367 
916368 
916369 
916370 
916371 
916372 
916373 
916374 
916375 
916376 
916377 
916378 
916379 
916380 
916381 
916382 
916383 
916384 
916385 
916386 
916387 
916388 
916389 
916390 
916391 
916392 
916393 
916394 
916395 
916396 
916397 
916398 
916399 
916400 
916401 
916402 
916403 
916404 
916405 
916406 
916407 
916408 
916409 
916410 
916411 
916412 
916413 
916414 
916415 
916416 
916417 
916418 
916419 
916420 
916421 
916422 
916423 
916424 
916425 
916426 
916427 
916428 
916429 
916430 
916431 
916432 
916433 
916434 
916435 
916436 
916437 
916438 
916439 
916440 
916441 
916442 
916443 
916444 
916445 
916446 
916447 
916448 
916449 
916450 
916451 
916452 
916453 
916454 
916455 
916456 
916457 
916458 
916459 
916460 
916461 
916462 
916463 
916464 
916465 
916466 
916467 
916468 
916469 
916470 
916471 
916472 
916473 
916474 
916475 
916476 
916477 
916478 
916479 
916480 
916481 
916482 
916483 
916484 
916485 
916486 
916487 
916488 
916489 
916490 
916491 
916492 
916493 
916494 
916495 
916496 
916497 
916498 
916499 
916500 
916501 
916502 
916503 
916504 
916505 
916506 
916507 
916508 
916509 
916510 
916511 
916512 
916513 
916514 
916515 
916516 
916517 
916518 
916519 
916520 
916521 
916522 
916523 
916524 
916525 
916526 
916527 
916528 
916529 
916530 
916531 
916532 
916533 
916534 
916535 
916536 
916537 
916538 
916539 
916540 
916541 
916542 
916543 
916544 
916545 
916546 
916547 
916548 
916549 
916550 
916551 
916552 
916553 
916554 
916555 
916556 
916557 
916558 
916559 
916560 
916561 
916562 
916563 
916564 
916565 
916566 
916567 
916568 
916569 
916570 
916571 
916572 
916573 
916574 
916575 
916576 
916577 
916578 
916579 
916580 
916581 
916582 
916583 
916584 
916585 
916586 
916587 
916588 
916589 
916590 
916591 
916592 
916593 
916594 
916595 
916596 
916597 
916598 
916599 
916600 
916601 
916602 
916603 
916604 
916605 
916606 
916607 
916608 
916609 
916610 
916611 
916612 
916613 
916614 
916615 
916616 
916617 
916618 
916619 
916620 
916621 
916622 
916623 
916624 
916625 
916626 
916627 
916628 
916629 
916630 
916631 
916632 
916633 
916634 
916635 
916636 
916637 
916638 
916639 
916640 
916641 
916642 
916643 
916644 
916645 
916646 
916647 
916648 
916649 
916650 
916651 
916652 
916653 
916654 
916655 
916656 
916657 
916658 
916659 
916660 
916661 
916662 
916663 
916664 
916665 
916666 
916667 
916668 
916669 
916670 
916671 
916672 
916673 
916674 
916675 
916676 
916677 
916678 
916679 
916680 
916681 
916682 
916683 
916684 
916685 
916686 
916687 
916688 
916689 
916690 
916691 
916692 
916693 
916694 
916695 
916696 
916697 
916698 
916699 
916700 
916701 
916702 
916703 
916704 
916705 
916706 
916707 
916708 
916709 
916710 
916711 
916712 
916713 
916714 
916715 
916716 
916717 
916718 
916719 
916720 
916721 
916722 
916723 
916724 
916725 
916726 
916727 
916728 
916729 
916730 
916731 
916732 
916733 
916734 
916735 
916736 
916737 
916738 
916739 
916740 
916741 
916742 
916743 
916744 
916745 
916746 
916747 
916748 
916749 
916750 
916751 
916752 
916753 
916754 
916755 
916756 
916757 
916758 
916759 
916760 
916761 
916762 
916763 
916764 
916765 
916766 
916767 
916768 
916769 
916770 
916771 
916772 
916773 
916774 
916775 
916776 
916777 
916778 
916779 
916780 
916781 
916782 
916783 
916784 
916785 
916786 
916787 
916788 
916789 
916790 
916791 
916792 
916793 
916794 
916795 
916796 
916797 
916798 
916799 
916800 
916801 
916802 
916803 
916804 
916805 
916806 
916807 
916808 
916809 
916810 
916811 
916812 
916813 
916814 
916815 
916816 
916817 
916818 
916819 
916820 
916821 
916822 
916823 
916824 
916825 
916826 
916827 
916828 
916829 
916830 
916831 
916832 
916833 
916834 
916835 
916836 
916837 
916838 
916839 
916840 
916841 
916842 
916843 
916844 
916845 
916846 
916847 
916848 
916849 
916850 
916851 
916852 
916853 
916854 
916855 
916856 
916857 
916858 
916859 
916860 
916861 
916862 
916863 
916864 
916865 
916866 
916867 
916868 
916869 
916870 
916871 
916872 
916873 
916874 
916875 
916876 
916877 
916878 
916879 
916880 
916881 
916882 
916883 
916884 
916885 
916886 
916887 
916888 
916889 
916890 
916891 
916892 
916893 
916894 
916895 
916896 
916897 
916898 
916899 
916900 
916901 
916902 
916903 
916904 
916905 
916906 
916907 
916908 
916909 
916910 
916911 
916912 
916913 
916914 
916915 
916916 
916917 
916918 
916919 
916920 
916921 
916922 
916923 
916924 
916925 
916926 
916927 
916928 
916929 
916930 
916931 
916932 
916933 
916934 
916935 
916936 
916937 
916938 
916939 
916940 
916941 
916942 
916943 
916944 
916945 
916946 
916947 
916948 
916949 
916950 
916951 
916952 
916953 
916954 
916955 
916956 
916957 
916958 
916959 
916960 
916961 
916962 
916963 
916964 
916965 
916966 
916967 
916968 
916969 
916970 
916971 
916972 
916973 
916974 
916975 
916976 
916977 
916978 
916979 
916980 
916981 
916982 
916983 
916984 
916985 
916986 
916987 
916988 
916989 
916990 
916991 
916992 
916993 
916994 
916995 
916996 
916997 
916998 
916999 
917000 
917001 
917002 
917003 
917004 
917005 
917006 
917007 
917008 
917009 
917010 
917011 
917012 
917013 
917014 
917015 
917016 
917017 
917018 
917019 
917020 
917021 
917022 
917023 
917024 
917025 
917026 
917027 
917028 
917029 
917030 
917031 
917032 
917033 
917034 
917035 
917036 
917037 
917038 
917039 
917040 
917041 
917042 
917043 
917044 
917045 
917046 
917047 
917048 
917049 
917050 
917051 
917052 
917053 
917054 
917055 
917056 
917057 
917058 
917059 
917060 
917061 
917062 
917063 
917064 
917065 
917066 
917067 
917068 
917069 
917070 
917071 
917072 
917073 
917074 
917075 
917076 
917077 
917078 
917079 
917080 
917081 
917082 
917083 
917084 
917085 
917086 
917087 
917088 
917089 
917090 
917091 
917092 
917093 
917094 
917095 
917096 
917097 
917098 
917099 
917100 
917101 
917102 
917103 
917104 
917105 
917106 
917107 
917108 
917109 
917110 
917111 
917112 
917113 
917114 
917115 
917116 
917117 
917118 
917119 
917120 
917121 
917122 
917123 
917124 
917125 
917126 
917127 
917128 
917129 
917130 
917131 
917132 
917133 
917134 
917135 
917136 
917137 
917138 
917139 
917140 
917141 
917142 
917143 
917144 
917145 
917146 
917147 
917148 
917149 
917150 
917151 
917152 
917153 
917154 
917155 
917156 
917157 
917158 
917159 
917160 
917161 
917162 
917163 
917164 
917165 
917166 
917167 
917168 
917169 
917170 
917171 
917172 
917173 
917174 
917175 
917176 
917177 
917178 
917179 
917180 
917181 
917182 
917183 
917184 
917185 
917186 
917187 
917188 
917189 
917190 
917191 
917192 
917193 
917194 
917195 
917196 
917197 
917198 
917199 
917200 
917201 
917202 
917203 
917204 
917205 
917206 
917207 
917208 
917209 
917210 
917211 
917212 
917213 
917214 
917215 
917216 
917217 
917218 
917219 
917220 
917221 
917222 
917223 
917224 
917225 
917226 
917227 
917228 
917229 
917230 
917231 
917232 
917233 
917234 
917235 
917236 
917237 
917238 
917239 
917240 
917241 
917242 
917243 
917244 
917245 
917246 
917247 
917248 
917249 
917250 
917251 
917252 
917253 
917254 
917255 
917256 
917257 
917258 
917259 
917260 
917261 
917262 
917263 
917264 
917265 
917266 
917267 
917268 
917269 
917270 
917271 
917272 
917273 
917274 
917275 
917276 
917277 
917278 
917279 
917280 
917281 
917282 
917283 
917284 
917285 
917286 
917287 
917288 
917289 
917290 
917291 
917292 
917293 
917294 
917295 
917296 
917297 
917298 
917299 
917300 
917301 
917302 
917303 
917304 
917305 
917306 
917307 
917308 
917309 
917310 
917311 
917312 
917313 
917314 
917315 
917316 
917317 
917318 
917319 
917320 
917321 
917322 
917323 
917324 
917325 
917326 
917327 
917328 
917329 
917330 
917331 
917332 
917333 
917334 
917335 
917336 
917337 
917338 
917339 
917340 
917341 
917342 
917343 
917344 
917345 
917346 
917347 
917348 
917349 
917350 
917351 
917352 
917353 
917354 
917355 
917356 
917357 
917358 
917359 
917360 
917361 
917362 
917363 
917364 
917365 
917366 
917367 
917368 
917369 
917370 
917371 
917372 
917373 
917374 
917375 
917376 
917377 
917378 
917379 
917380 
917381 
917382 
917383 
917384 
917385 
917386 
917387 
917388 
917389 
917390 
917391 
917392 
917393 
917394 
917395 
917396 
917397 
917398 
917399 
917400 
917401 
917402 
917403 
917404 
917405 
917406 
917407 
917408 
917409 
917410 
917411 
917412 
917413 
917414 
917415 
917416 
917417 
917418 
917419 
917420 
917421 
917422 
917423 
917424 
917425 
917426 
917427 
917428 
917429 
917430 
917431 
917432 
917433 
917434 
917435 
917436 
917437 
917438 
917439 
917440 
917441 
917442 
917443 
917444 
917445 
917446 
917447 
917448 
917449 
917450 
917451 
917452 
917453 
917454 
917455 
917456 
917457 
917458 
917459 
917460 
917461 
917462 
917463 
917464 
917465 
917466 
917467 
917468 
917469 
917470 
917471 
917472 
917473 
917474 
917475 
917476 
917477 
917478 
917479 
917480 
917481 
917482 
917483 
917484 
917485 
917486 
917487 
917488 
917489 
917490 
917491 
917492 
917493 
917494 
917495 
917496 
917497 
917498 
917499 
917500 
917501 
917502 
917503 
)

// ************************************************************************* //
